function [T,ang]=gen_tcp()

ang=[70:-10:-70].*(pi/180);

T(:,:,1)=eye(4);
T(1:3,1:4,1)=[0.342020	0.0000000000	0.939693	23.4923
0.0000000000	1.00000	0.0000000000	0.0000000000
-0.939693	0.0000000000	0.342020	-16.4495];
T(1:3,4,1)=T(1:3,4,1)./1000;

T(:,:,2)=eye(4);
T(1:3,1:4,2)=[0.500000	0.0000000000	0.866025	21.6506
0.0000000000	1.00000	0.0000000000	0.0000000000
-0.866025	0.0000000000	0.500000	-12.5000];
T(1:3,4,2)=T(1:3,4,2)./1000;

T(:,:,3)=eye(4);
T(1:3,1:4,3)=[0.642788	0.0000000000	0.766044	19.1511
0.0000000000	1.00000	0.0000000000	0.0000000000
-0.766044	0.0000000000	0.642788	-8.93031];
T(1:3,4,3)=T(1:3,4,3)./1000;

T(:,:,4)=eye(4);
T(1:3,1:4,4)=[0.766044	0.0000000000	0.642788	16.0697
0.0000000000	1.00000	0.0000000000	0.0000000000
-0.642788	0.0000000000	0.766044	-5.84889];
T(1:3,4,4)=T(1:3,4,4)./1000;

T(:,:,5)=eye(4);
T(1:3,1:4,5)=[0.866025	0.0000000000	0.500000	12.5000
0.0000000000	1.00000	0.0000000000	0.0000000000
-0.500000	0.0000000000	0.866025	-3.34936];
T(1:3,4,5)=T(1:3,4,5)./1000;

T(:,:,6)=eye(4);
T(1:3,1:4,6)=[0.939693	0.0000000000	0.342020	8.55050
0.0000000000	1.00000	0.0000000000	0.0000000000
-0.342020	0.0000000000	0.939693	-1.50768];
T(1:3,4,6)=T(1:3,4,6)./1000;

T(:,:,7)=eye(4);
T(1:3,1:4,7)=[0.984808	0.0000000000	0.173648	4.34120
0.0000000000	1.00000	0.0000000000	0.0000000000
-0.173648	0.0000000000	0.984808	-0.379806];
T(1:3,4,7)=T(1:3,4,7)./1000;

T(:,:,8)=eye(4);

T(:,:,9)=eye(4);
T(1:3,1:4,9)=[0.984808	0.0000000000	-0.173648	-4.34120
0.0000000000	1.00000	0.0000000000	0.0000000000
0.173648	0.0000000000	0.984808	-0.379806];
T(1:3,4,9)=T(1:3,4,9)./1000;

T(:,:,10)=eye(4);
T(1:3,1:4,10)=[0.939693	0.0000000000	-0.342020	-8.55050
0.0000000000	1.00000	0.0000000000	0.0000000000
0.342020	0.0000000000	0.939693	-1.50768];
T(1:3,4,10)=T(1:3,4,10)./1000;

T(:,:,11)=eye(4);
T(1:3,1:4,11)=[0.866025	0.0000000000	-0.500000	-12.5000
0.0000000000	1.00000	0.0000000000	0.0000000000
0.500000	0.0000000000	0.866025	-3.34936];
T(1:3,4,11)=T(1:3,4,11)./1000;

T(:,:,12)=eye(4);
T(1:3,1:4,12)=[0.766044	0.0000000000	-0.642788	-16.0697
0.0000000000	1.00000	0.0000000000	0.0000000000
0.642788	0.0000000000	0.766044	-5.84889];
T(1:3,4,12)=T(1:3,4,12)./1000;

T(:,:,13)=eye(4);
T(1:3,1:4,13)=[0.642788	0.0000000000	-0.766044	-19.1511
0.0000000000	1.00000	0.0000000000	0.0000000000
0.766044	0.0000000000	0.642788	-8.93031];
T(1:3,4,13)=T(1:3,4,13)./1000;

T(:,:,14)=eye(4);
T(1:3,1:4,14)=[0.500000	0.0000000000	-0.866025	-21.6506
0.0000000000	1.00000	0.0000000000	0.0000000000
0.866025	0.0000000000	0.500000	-12.5000];
T(1:3,4,14)=T(1:3,4,14)./1000;

T(:,:,15)=eye(4);
T(1:3,1:4,15)=[0.342020	0.0000000000	-0.939693	-23.4923
0.0000000000	1.00000	0.0000000000	0.0000000000
0.939693	0.0000000000	0.342020	-16.4495];
T(1:3,4,15)=T(1:3,4,15)./1000;
end