95,95,57.92,-0.72307,0.69052,-0.018742,0.68901,0.72289,0.051931,0.049408,0.024636,-0.99847
87.964,101.75,57.373,0.83259,0.55318,0.028108,0.54503,-0.82725,0.13635,0.09868,-0.098206,-0.99026
98.192,108.39,56.794,0.92505,-0.37932,0.019773,-0.37661,-0.90918,0.17765,-0.049408,-0.17178,-0.9839
109.46,103.61,56.242,0.40476,-0.91346,0.042009,-0.89808,-0.38846,0.20628,-0.17211,-0.12122,-0.97759
114.22,92.33,55.722,-0.2464,-0.96917,0.0013917,-0.94906,0.24158,0.20231,-0.19641,0.048528,-0.97932
111.09,80.491,55.168,-0.73745,-0.67528,0.012806,-0.65311,0.7178,0.24126,-0.17211,0.16955,-0.97038
101.95,72.343,54.67,-0.97471,-0.21901,0.044453,-0.20051,0.9449,0.25879,-0.09868,0.24333,-0.96491
89.948,69.944,54.129,-0.96344,0.26348,0.048672,0.26679,0.92662,0.26493,0.024704,0.26823,-0.96304
78.229,73.479,53.566,-0.74243,0.66974,0.015399,0.64048,0.70288,0.30942,0.19641,0.23959,-0.9508
69.281,81.83,53.119,-0.4067,0.9125,0.044113,0.87322,0.37409,0.31232,0.26849,0.16554,-0.94895
64.644,93.155,52.518,-0.0036897,0.99973,0.023147,0.94075,-0.0043788,0.33908,0.33909,0.023027,-0.94047
64.894,105.39,51.981,0.37662,0.92611,0.021649,0.86208,-0.35894,0.35775,0.33909,-0.11607,-0.93357
69.777,116.61,51.471,0.69327,0.72068,-0.00027911,0.6688,-0.64322,0.3728,0.26849,-0.25863,-0.92791
78.417,125.27,50.919,0.8963,0.44234,0.031438,0.39759,-0.83297,0.38482,0.19641,-0.33241,-0.92246
89.55,130.35,50.402,0.99466,0.10286,0.0079683,0.090563,-0.90756,0.41005,0.049408,-0.40714,-0.91203
101.74,131.34,49.913,0.97285,-0.23143,-0.0023533,-0.20935,-0.88428,0.41739,-0.09868,-0.40557,-0.90872
113.59,128.28,49.36,0.85606,-0.51605,0.029375,-0.47811,-0.76897,0.42437,-0.19641,-0.37733,-0.90501
123.83,121.6,48.803,0.64664,-0.76275,0.0078655,-0.68328,-0.57462,0.45048,-0.33909,-0.29668,-0.89275
131.51,112.07,48.294,0.38928,-0.92094,0.018439,-0.83674,-0.34517,0.42511,-0.38514,-0.18091,-0.90495
135.95,100.68,47.787,0.095915,-0.99539,0.00017695,-0.88663,-0.085355,0.45453,-0.45242,-0.043753,-0.89073
136.85,88.479,47.241,-0.19533,-0.98073,0.0020739,-0.87015,0.17428,0.46094,-0.45242,0.088231,-0.88743
134.2,76.537,46.759,-0.45262,-0.89162,0.011737,-0.76841,0.39668,0.50219,-0.45242,0.21828,-0.86468
128.31,65.82,46.207,-0.66734,-0.74333,0.046109,-0.63744,0.6021,0.48078,-0.38514,0.29145,-0.87563
119.69,57.136,45.663,-0.86169,-0.50725,-0.013547,-0.44459,0.74184,0.50201,-0.2446,0.4386,-0.86476
109.06,51.092,45.177,-0.95108,-0.30447,0.052401,-0.23847,0.83133,0.50201,-0.19641,0.46496,-0.86327
97.21,48.071,44.55,-0.99962,-0.023012,0.01496,-0.01196,0.85577,0.51721,-0.024704,0.51684,-0.85573
84.981,48.226,44.011,-0.97044,0.2413,0.004918,0.20751,0.82379,0.52755,0.12325,0.51298,-0.84951
73.195,51.49,43.551,-0.88018,0.47465,-1.11E-05,0.39141,0.72584,0.56564,0.26849,0.49786,-0.82465
62.601,57.6,43.042,-0.74993,0.66075,0.031789,0.568,0.61854,0.54295,0.33909,0.42523,-0.83917
53.838,66.13,42.491,-0.55276,0.83334,0.0018644,0.69984,0.463,0.54394,0.45242,0.30197,-0.83912
47.404,76.53,41.917,-0.34231,0.93952,0.011069,0.77017,0.27382,0.57607,0.5382,0.20572,-0.81733
43.638,88.165,41.421,-0.1281,0.99128,0.030891,0.80509,0.085751,0.58693,0.57916,0.10006,-0.80905
42.715,100.36,40.905,0.10584,0.99394,0.029709,0.79363,-0.10243,0.59971,0.59912,-0.039894,-0.79966
44.646,112.43,40.413,0.3385,0.94091,0.010384,0.74162,-0.27356,0.61251,0.57916,-0.19963,-0.79039
49.288,123.75,39.845,0.54653,0.8374,0.0082857,0.65863,-0.43593,0.61333,0.51721,-0.32975,-0.78979
56.365,133.72,39.334,0.72422,0.68956,-0.004089,0.55605,-0.58047,0.59487,0.40782,-0.43309,-0.80381
65.486,141.86,38.755,0.84773,0.52988,0.02421,0.40789,-0.68039,0.60885,0.33909,-0.50626,-0.79292
76.177,147.8,38.226,0.94914,0.31486,0.0019046,0.2461,-0.7456,0.61928,0.19641,-0.58731,-0.78517
87.903,151.27,37.741,0.99146,0.12874,0.021053,0.085314,-0.76202,0.64191,0.09868,-0.63463,-0.76649
100.1,152.13,37.147,0.99532,-0.095406,0.01506,-0.082994,-0.76503,0.63863,-0.049408,-0.63689,-0.76937
112.2,150.38,36.625,0.95193,-0.30625,0.0059457,-0.23504,-0.71789,0.65528,-0.19641,-0.62518,-0.75536
123.67,146.13,36.075,0.86625,-0.49943,0.013439,-0.38719,-0.6541,0.6498,-0.31574,-0.56809,-0.75999
133.99,139.58,35.637,0.73808,-0.67457,-0.013892,-0.50056,-0.56126,0.65911,-0.45242,-0.47952,-0.75191
142.75,131.05,35.02,0.59877,-0.80067,0.01985,-0.61153,-0.44104,0.6569,-0.51721,-0.40547,-0.75371
149.58,120.91,34.572,0.43562,-0.89987,0.02172,-0.67178,-0.30896,0.67324,-0.59912,-0.30787,-0.7391
154.23,109.59,34.014,0.22681,-0.97393,0.0028574,-0.73594,-0.16947,0.65549,-0.63792,-0.15078,-0.7552
156.51,97.583,33.476,0.038129,-0.9992,0.01209,-0.71976,-0.019069,0.69397,-0.69318,-0.035162,-0.71991
