146.07,169.61,54.929,0.73436,-0.66994,0.10902,-0.67746,-0.73337,0.05668,0.041982,-0.11548,-0.99242
140.43,174.76,54.091,0.73353,-0.67085,0.10909,-0.67836,-0.73255,0.056546,0.041982,-0.11548,-0.99242
134.79,179.9,53.086,0.72938,-0.6654,0.15891,-0.67949,-0.73158,0.055462,0.079354,-0.14843,-0.98573
129.15,185.05,51.857,0.72857,-0.66627,0.15898,-0.68036,-0.73079,0.055272,0.079354,-0.14843,-0.98573
123.51,190.2,50.461,0.72011,-0.65698,0.22322,-0.68068,-0.73128,0.043573,0.13461,-0.18332,-0.97379
117.86,195.34,48.707,0.71831,-0.65668,0.22978,-0.68679,-0.72206,0.083401,0.11115,-0.21772,-0.96966
112.22,200.49,46.808,0.71056,-0.64944,0.2708,-0.68916,-0.72,0.08157,0.142,-0.24458,-0.95917
106.58,205.64,44.573,0.70779,-0.64707,0.28343,-0.68185,-0.73067,0.034617,0.18469,-0.21776,-0.95837
100.94,210.79,42.084,0.70029,-0.63932,0.31759,-0.68587,-0.72593,0.051032,0.19792,-0.25356,-0.94686
95.295,215.93,39.472,0.69664,-0.63627,0.33145,-0.68093,-0.73188,0.02624,0.22588,-0.24397,-0.94311
89.653,221.08,36.622,0.69077,-0.63078,0.35349,-0.68189,-0.73091,0.028272,0.24053,-0.26057,-0.93501
84.011,226.23,33.609,0.68572,-0.62594,0.37146,-0.68165,-0.73121,0.026193,0.25522,-0.27117,-0.92808
78.369,231.37,30.467,0.67909,-0.61952,0.39373,-0.68764,-0.7246,0.045896,0.25686,-0.30191,-0.91808
72.727,236.52,27.196,0.67876,-0.61988,0.39375,-0.68797,-0.72429,0.045705,0.25686,-0.30191,-0.91808
67.085,241.67,23.837,0.67443,-0.61527,0.40816,-0.67788,-0.73507,0.012054,0.29261,-0.28481,-0.91283
61.443,246.82,20.422,0.67447,-0.61522,0.40816,-0.67784,-0.73511,0.01208,0.29261,-0.28481,-0.91283
55.8,251.96,17.053,0.68101,-0.62128,0.3876,-0.68191,-0.73096,0.026482,0.26687,-0.28235,-0.92145
50.158,257.11,13.842,0.68095,-0.62134,0.38761,-0.68197,-0.7309,0.026448,0.26687,-0.28235,-0.92145
44.516,262.26,10.602,0.69289,-0.63327,0.34479,-0.67888,-0.73407,0.016021,0.24295,-0.24517,-0.93854
147.04,167.26,55.214,0.86584,-0.49462,0.07534,-0.49871,-0.86528,0.050658,0.040134,-0.081435,-0.99587
140.4,171.05,54.521,0.8642,-0.49427,0.094073,-0.50139,-0.8616,0.079049,0.041982,-0.11548,-0.99242
133.77,174.83,53.676,0.86204,-0.4925,0.11971,-0.5019,-0.86237,0.066423,0.070517,-0.11734,-0.99058
127.13,178.62,52.663,0.85832,-0.4927,0.14329,-0.50694,-0.85745,0.088305,0.079354,-0.14843,-0.98573
120.49,182.4,51.311,0.8543,-0.48744,0.18045,-0.50509,-0.86047,0.066908,0.12266,-0.14831,-0.9813
113.86,186.19,49.882,0.84806,-0.48698,0.20891,-0.51252,-0.85396,0.089913,0.13461,-0.18332,-0.97379
107.22,189.97,47.996,0.84165,-0.48113,0.24524,-0.51015,-0.85733,0.068822,0.17714,-0.18303,-0.96702
100.58,193.76,45.946,0.82821,-0.47229,0.30168,-0.51003,-0.8583,0.056466,0.23226,-0.20063,-0.95174
93.946,197.54,43.527,0.82755,-0.47316,0.30212,-0.51071,-0.85798,0.055206,0.2331,-0.19998,-0.95167
87.31,201.33,40.949,0.8162,-0.46571,0.34196,-0.50178,-0.86476,0.019968,0.28642,-0.18789,-0.9395
80.673,205.11,38.074,0.81008,-0.46241,0.36049,-0.50577,-0.86212,0.030689,0.29659,-0.20718,-0.93226
74.036,208.9,35.014,0.79798,-0.45501,0.39522,-0.49422,-0.86933,-0.0029801,0.34493,-0.19295,-0.91858
67.4,212.68,31.647,0.7941,-0.45288,0.40534,-0.49656,-0.868,0.0030227,0.35047,-0.20368,-0.91416
60.763,216.46,28.165,0.78787,-0.44905,0.42145,-0.48989,-0.87169,-0.012971,0.3732,-0.19624,-0.90676
54.126,220.25,24.484,0.78217,-0.44577,0.43531,-0.48929,-0.87201,-0.013782,0.38574,-0.20221,-0.90017
47.489,224.03,20.647,0.77147,-0.4398,0.4598,-0.46239,-0.88394,-0.069674,0.43707,-0.15885,-0.88529
40.853,227.82,16.677,0.7705,-0.43945,0.46175,-0.4613,-0.88433,-0.071857,0.43991,-0.15764,-0.8841
141.83,163.66,55.299,0.9744,-0.21746,0.057052,-0.22121,-0.97267,0.070622,0.040134,-0.081435,-0.99587
134.4,165.31,54.766,0.97081,-0.21647,0.10326,-0.22483,-0.97131,0.077534,0.08351,-0.098486,-0.99163
126.97,166.96,53.906,0.96873,-0.21527,0.12333,-0.22398,-0.97265,0.061582,0.1067,-0.087281,-0.99045
119.54,168.61,52.96,0.96811,-0.21798,0.1235,-0.22667,-0.97204,0.061239,0.1067,-0.087281,-0.99045
112.11,170.27,51.666,0.95472,-0.21216,0.20854,-0.22763,-0.97231,0.052956,0.19153,-0.098029,-0.97658
104.68,171.92,50.043,0.95453,-0.21298,0.20858,-0.22844,-0.97213,0.052779,0.19153,-0.098029,-0.97658
97.252,173.57,48.295,0.9394,-0.20919,0.27161,-0.22364,-0.9744,0.023034,0.25984,-0.082381,-0.96213
89.822,175.22,46.003,0.9344,-0.2084,0.28891,-0.2277,-0.97312,0.03449,0.27396,-0.098011,-0.95673
82.391,176.87,43.537,0.90781,-0.20174,0.36768,-0.22984,-0.97264,0.033817,0.3508,-0.11521,-0.92934
74.961,178.52,40.527,0.90757,-0.20273,0.36771,-0.23077,-0.97243,0.03344,0.3508,-0.11521,-0.92934
67.531,180.17,37.267,0.88654,-0.19721,0.41852,-0.22734,-0.97355,0.022813,0.40295,-0.11537,-0.90792
60.1,181.82,33.686,0.87966,-0.19555,0.43353,-0.21763,-0.97603,0.0013308,0.42288,-0.095521,-0.90114
52.67,183.48,29.57,0.8575,-0.19037,0.47797,-0.21449,-0.97672,-0.0042098,0.46764,-0.098908,-0.87837
45.24,185.13,25.052,0.82968,-0.18368,0.52716,-0.20337,-0.97888,-0.02099,0.51988,-0.089796,-0.84951
37.809,186.78,20.042,0.80204,-0.17945,0.56968,-0.1899,-0.98092,-0.041644,0.56628,-0.074781,-0.82081
134.83,159.15,55.261,0.99683,0.05274,0.059549,0.049752,-0.99748,0.050604,0.062068,-0.047481,-0.99694
127.26,158.74,54.601,0.99371,0.05389,0.098211,0.048643,-0.9973,0.055065,0.10091,-0.049941,-0.99364
119.68,158.33,53.843,0.99332,0.048805,0.10455,0.039891,-0.99552,0.085716,0.10827,-0.080973,-0.99082
112.11,157.91,52.592,0.98425,0.053443,0.16852,0.044513,-0.99742,0.056337,0.1711,-0.047949,-0.98409
104.54,157.5,51.295,0.98438,0.0504,0.16869,0.04151,-0.99758,0.055823,0.1711,-0.047949,-0.98409
96.966,157.09,49.578,0.96217,0.052245,0.26738,0.038575,-0.99768,0.056128,0.26969,-0.04369,-0.96196
89.394,156.68,47.474,0.96226,0.049941,0.26751,0.036354,-0.9978,0.05551,0.26969,-0.04369,-0.96196
81.821,156.27,45.042,0.93509,0.049901,0.35088,0.035822,-0.99828,0.046506,0.3526,-0.030918,-0.93527
74.248,155.86,42.049,0.92619,0.050385,0.37367,0.025802,-0.99718,0.070503,0.37617,-0.055657,-0.92488
66.676,155.45,39.005,0.9269,0.045497,0.37254,0.02283,-0.99762,0.065035,0.37461,-0.051776,-0.92573
59.103,155.04,35.355,0.88159,0.047029,0.46968,0.025659,-0.99833,0.051801,0.47133,-0.033616,-0.88132
51.531,154.62,31.182,0.84914,0.04577,0.52618,0.015568,-0.99797,0.061686,0.52794,-0.044188,-0.84813
43.958,154.21,26.441,0.83554,0.041759,0.54784,0.0069627,-0.99783,0.06544,0.54939,-0.050863,-0.83402
36.385,153.8,20.977,0.79522,0.044494,0.60469,0.023559,-0.99882,0.042514,0.60587,-0.019562,-0.79533
139.68,151.91,55.877,0.93273,0.35843,0.039395,0.35693,-0.93326,0.040233,0.051187,-0.023465,-0.99841
132.54,149.17,55.576,0.93363,0.35606,0.039497,0.35457,-0.93417,0.040133,0.051187,-0.023465,-0.99841
125.4,146.43,54.791,0.92807,0.35664,0.1072,0.35219,-0.9341,0.058548,0.12102,-0.016582,-0.99251
118.26,143.68,53.966,0.92906,0.35402,0.10736,0.34959,-0.93509,0.058247,0.12102,-0.016582,-0.99251
111.12,140.94,52.771,0.9156,0.35184,0.19465,0.35313,-0.93512,0.029251,0.19231,0.041954,-0.98044
103.99,138.2,51.254,0.91562,0.35178,0.19465,0.35306,-0.93514,0.029238,0.19231,0.041954,-0.98044
96.848,135.46,49.718,0.90897,0.34891,0.22812,0.35512,-0.9347,0.014627,0.21832,0.067714,-0.97352
89.71,132.71,47.734,0.89358,0.34338,0.28916,0.34442,-0.93754,0.049009,0.28792,0.055797,-0.95603
82.572,129.97,45.425,0.89436,0.34124,0.28927,0.34238,-0.93832,0.048349,0.28792,0.055797,-0.95603
75.434,127.23,42.738,0.85835,0.32985,0.39298,0.317,-0.94321,0.09929,0.40342,0.03935,-0.91417
68.296,124.48,39.47,0.85835,0.32985,0.39298,0.317,-0.94321,0.09929,0.40342,0.03935,-0.91417
61.158,121.74,36.202,0.86099,0.32188,0.39381,0.30975,-0.94596,0.095973,0.40342,0.03935,-0.91417
54.02,119,32.203,0.81999,0.31434,0.47834,0.29915,-0.94784,0.11007,0.48798,0.052838,-0.87125
46.882,116.26,27.982,0.81516,0.30357,0.49331,0.28023,-0.95205,0.12279,0.50693,0.038151,-0.86114
39.744,113.51,23.005,0.77095,0.29906,0.56231,0.29041,-0.95084,0.10753,0.56683,0.080402,-0.81991
139.59,136.99,55.882,0.81368,0.57861,0.056008,0.5803,-0.81417,-0.019443,0.03435,0.048322,-0.99824
133.35,132.55,55.269,0.81251,0.5771,0.082351,0.57856,-0.81561,0.0072729,0.071363,0.041736,-0.99658
127.1,128.12,54.536,0.80625,0.57277,0.14796,0.58017,-0.81445,-0.0086388,0.11556,0.092807,-0.98896
120.86,123.68,53.391,0.80625,0.57278,0.14796,0.58018,-0.81444,-0.0086375,0.11556,0.092807,-0.98896
114.62,119.25,52.237,0.80061,0.56989,0.18505,0.58482,-0.81044,-0.034327,0.13041,0.1357,-0.98213
108.38,114.81,50.586,0.79438,0.56452,0.22423,0.58254,-0.8126,-0.017973,0.17207,0.1449,-0.97437
102.13,110.38,48.758,0.7923,0.56233,0.23674,0.57343,-0.81885,0.025925,0.20844,0.11522,-0.97123
95.889,105.94,46.763,0.77952,0.55371,0.29284,0.57409,-0.81856,0.019567,0.25054,0.15286,-0.95596
89.646,101.51,44.394,0.77586,0.55069,0.30787,0.57093,-0.82049,0.028808,0.26847,0.15342,-0.95099
83.403,97.071,41.804,0.7694,0.54633,0.33098,0.57449,-0.81837,0.015367,0.27926,0.17832,-0.94351
77.16,92.636,39.005,0.76326,0.54176,0.35204,0.57168,-0.82016,0.022694,0.30103,0.18393,-0.93571
70.917,88.201,35.986,0.75724,0.53637,0.37268,0.5618,-0.82593,0.047187,0.33311,0.17364,-0.92676
64.674,83.765,32.686,0.73751,0.52393,0.42611,0.55417,-0.83013,0.061544,0.38597,0.19075,-0.90258
58.431,79.33,29.079,0.73775,0.52358,0.42614,0.55385,-0.83035,0.061362,0.38597,0.19075,-0.90258
52.188,74.895,25.413,0.73307,0.51985,0.43859,0.54795,-0.83341,0.071955,0.40293,0.18758,-0.8958
45.945,70.46,21.587,0.72952,0.51611,0.4488,0.54695,-0.83421,0.07025,0.41065,0.19423,-0.89086
39.702,66.025,17.528,0.71324,0.50976,0.48107,0.50555,-0.84954,0.15068,0.4855,0.13574,-0.86363
138.16,142.86,55.988,0.55177,0.83194,0.058579,0.8295,-0.55472,0.06488,0.086471,0.012793,-0.99617
133.91,136.45,55.459,0.55074,0.83155,0.072163,0.8306,-0.55453,0.050924,0.082362,0.031893,-0.99609
129.67,130.04,54.9,0.55224,0.83037,0.07432,0.83063,-0.55565,0.03621,0.071363,0.041736,-0.99658
125.42,123.63,53.919,0.54662,0.82537,0.14133,0.82937,-0.55692,0.044646,0.11556,0.092807,-0.98896
121.18,117.22,52.821,0.54826,0.82427,0.14141,0.82829,-0.55854,0.044367,0.11556,0.092807,-0.98896
116.93,110.81,51.378,0.54333,0.81882,0.18528,0.82933,-0.55778,0.033048,0.13041,0.1357,-0.98213
112.69,104.4,49.723,0.53684,0.81045,0.23447,0.83286,-0.55344,0.0060471,0.13467,0.19203,-0.9721
108.44,97.988,47.759,0.53065,0.80124,0.27645,0.8316,-0.55522,0.012963,0.16388,0.22302,-0.96094
104.2,91.579,45.547,0.53097,0.80103,0.27646,0.83139,-0.55553,0.012856,0.16388,0.22302,-0.96094
99.953,85.169,43.095,0.52301,0.7897,0.32067,0.83354,-0.55246,0.0010205,0.17796,0.26676,-0.94719
95.708,78.76,40.442,0.51701,0.77987,0.35285,0.82867,-0.5593,0.021983,0.2145,0.28103,-0.93542
91.463,72.35,37.383,0.51146,0.77283,0.37569,0.84097,-0.54,-0.034051,0.17656,0.33337,-0.92612
87.218,65.94,34.19,0.50832,0.76861,0.38839,0.84047,-0.54107,-0.029222,0.18769,0.34128,-0.92103
82.973,59.531,30.779,0.49948,0.75418,0.42631,0.84615,-0.53028,-0.053266,0.18589,0.38733,-0.90301
78.728,53.121,27.156,0.49829,0.75492,0.42639,0.84685,-0.52922,-0.052671,0.18589,0.38733,-0.90301
74.483,46.712,23.308,0.48798,0.73631,0.46875,0.85995,-0.49756,-0.11366,0.14954,0.45856,-0.87599
70.238,40.302,19.249,0.48883,0.73867,0.46412,0.85572,-0.50949,-0.090384,0.1697,0.44134,-0.88115
140.13,156.11,55.735,0.22118,0.97469,-0.03265,0.97326,-0.21848,0.070999,0.062068,-0.047481,-0.99694
138.42,148.57,55.892,0.22142,0.97511,-0.011565,0.97383,-0.22048,0.055108,0.051187,-0.023465,-0.99841
136.72,141.02,55.837,0.22042,0.97415,0.049416,0.97192,-0.22363,0.073203,0.082362,0.031893,-0.99609
135.01,133.47,55.427,0.22129,0.97356,0.056618,0.97259,-0.22457,0.060241,0.071363,0.041736,-0.99658
133.31,125.93,54.829,0.22,0.97031,0.10049,0.97321,-0.22538,0.045549,0.066845,0.087777,-0.99389
131.6,118.38,53.928,0.21781,0.96377,0.15395,0.97308,-0.22662,0.042008,0.075374,0.14065,-0.98719
129.9,110.83,52.723,0.21911,0.96347,0.154,0.97278,-0.22791,0.041802,0.075374,0.14065,-0.98719
128.19,103.29,51.267,0.21569,0.95339,0.211,0.97353,-0.22671,0.029182,0.075657,0.19912,-0.97705
126.48,95.738,49.535,0.2136,0.94509,0.24737,0.97537,-0.22055,0.00042038,0.054955,0.24118,-0.96892
124.78,88.192,47.302,0.21215,0.93678,0.27827,0.97394,-0.22605,0.018459,0.080194,0.2671,-0.96033
123.07,80.645,44.872,0.20914,0.92661,0.31251,0.97584,-0.21843,-0.0053832,0.063275,0.30609,-0.9499
121.37,73.098,41.926,0.20398,0.90285,0.37848,0.97563,-0.21939,-0.0024525,0.080822,0.36976,-0.92561
119.66,65.551,38.552,0.2009,0.89006,0.40918,0.97659,-0.21473,-0.012399,0.076827,0.40209,-0.91237
117.96,58.004,34.915,0.19496,0.87184,0.44932,0.9795,-0.19679,-0.043166,0.050786,0.44852,-0.89233
116.25,50.457,30.618,0.1879,0.8359,0.51573,0.98134,-0.18158,-0.063238,0.040783,0.51799,-0.85442
114.55,42.91,25.82,0.18684,0.82316,0.53618,0.98127,-0.18248,-0.06179,0.046979,0.53768,-0.84184
148.74,167.49,55.239,-0.059177,0.99261,-0.10596,0.99812,0.057147,-0.022097,-0.015879,-0.10706,-0.99413
149.2,159.74,55.86,-0.058261,0.99519,-0.078708,0.9981,0.059645,0.015343,0.019963,-0.077664,-0.99678
149.66,151.99,56.228,-0.058891,0.99771,-0.033363,0.99826,0.058926,4.4003e-05,0.0020099,-0.033303,-0.99944
150.11,144.23,56.329,-0.058896,0.99796,0.024472,0.99817,0.058533,0.015322,0.013858,0.025329,-0.99958
150.57,136.48,56.134,-0.059272,0.99749,0.038642,0.99812,0.059826,-0.013334,-0.015612,0.037779,-0.99916
151.03,128.73,55.605,-0.058787,0.99475,0.083767,0.99806,0.060273,-0.015322,-0.02029,0.082704,-0.99637
151.49,120.97,54.917,-0.058556,0.9888,0.13726,0.9978,0.062253,-0.022796,-0.031086,0.13562,-0.99027
151.95,113.22,53.776,-0.058229,0.98689,0.15052,0.99828,0.058693,0.0013593,-0.007493,0.15034,-0.98861
152.4,105.47,52.447,-0.057878,0.98227,0.17831,0.9983,0.058176,0.0035599,-0.0068765,0.17821,-0.98397
152.86,97.713,50.81,-0.05766,0.96961,0.23777,0.99773,0.064285,-0.0202,-0.034871,0.23606,-0.97111
153.32,89.96,48.741,-0.056342,0.9542,0.29382,0.99823,0.059448,-0.0016451,-0.019037,0.2932,-0.95586
153.78,82.207,46.268,-0.055459,0.93996,0.33675,0.9983,0.058264,0.0017798,-0.017947,0.33627,-0.94159
154.23,74.453,43.377,-0.055713,0.93281,0.35602,0.99785,0.064308,-0.012342,-0.034409,0.35457,-0.9344
154.69,66.7,39.98,-0.053271,0.90298,0.42637,0.99833,0.057682,0.0025731,-0.02227,0.4258,-0.90454
155.15,58.947,36.221,-0.051232,0.86936,0.49151,0.99853,0.053229,0.0099316,-0.017529,0.4913,-0.87081
155.61,51.194,31.762,-0.049266,0.83587,0.54671,0.9985,0.054423,0.0067689,-0.024096,0.54622,-0.8373
156.06,43.44,26.59,-0.047238,0.80217,0.59523,0.99863,0.051398,0.0099846,-0.022585,0.59488,-0.80349
156.52,35.687,20.729,-0.046341,0.76345,0.64421,0.99882,0.044577,0.019023,-0.014194,0.64433,-0.76461
151.54,160.26,55.866,-0.35956,0.92972,-0.07964,0.93291,0.35999,-0.0093645,0.019963,-0.077664,-0.99678
154.33,153.03,56.203,-0.36041,0.93225,-0.031789,0.93279,0.36027,-0.010129,0.0020099,-0.033303,-0.99944
157.12,145.8,56.28,-0.36079,0.93242,0.020609,0.93088,0.36138,-0.053605,-0.05743,-0.00015518,-0.99835
159.92,138.57,56.046,-0.36259,0.93143,0.031037,0.93038,0.36371,-0.045967,-0.054103,0.012209,-0.99846
162.71,131.34,55.375,-0.35865,0.92805,0.10045,0.93078,0.36371,-0.036978,-0.070853,0.080239,-0.99425
165.5,124.1,54.573,-0.3585,0.9265,0.11434,0.93046,0.36456,-0.036668,-0.075656,0.093244,-0.99276
168.3,116.87,53.572,-0.35418,0.91646,0.18618,0.92872,0.36804,-0.044879,-0.10965,0.15702,-0.98149
171.09,109.64,52.084,-0.35354,0.91506,0.19409,0.93233,0.36155,-0.0063122,-0.075948,0.17872,-0.98096
173.89,102.41,50.539,-0.34786,0.90036,0.26142,0.93234,0.36156,-0.0046107,-0.098671,0.24213,-0.96521
176.68,95.18,48.42,-0.34762,0.89917,0.26581,0.93139,0.36381,-0.012646,-0.10808,0.24318,-0.96394
179.47,87.949,46.149,-0.34378,0.88893,0.30269,0.93033,0.36624,-0.018957,-0.12771,0.27508,-0.9529
182.27,80.718,43.551,-0.33653,0.87135,0.35707,0.93527,0.35342,0.019027,-0.10962,0.34036,-0.93388
185.06,73.487,40.541,-0.33118,0.85885,0.39076,0.9378,0.34531,0.035869,-0.10413,0.37834,-0.91979
187.85,66.256,37.112,-0.32331,0.83742,0.44069,0.93951,0.33974,0.04369,-0.11313,0.42815,-0.8966
190.65,59.025,33.266,-0.31914,0.82807,0.46092,0.94075,0.33563,0.048409,-0.11461,0.44906,-0.88612
193.44,51.793,29.109,-0.30978,0.80595,0.50447,0.94382,0.32487,0.060564,-0.11507,0.49489,-0.8613
196.24,44.562,24.36,-0.30698,0.79369,0.52519,0.94633,0.31317,0.079864,-0.10108,0.52152,-0.84723
159.91,166.78,55.098,-0.54859,0.83514,-0.039909,0.83418,0.54347,-0.093754,-0.056608,-0.084723,-0.9948
164.17,160.28,55.399,-0.55109,0.83379,-0.033042,0.83151,0.54541,-0.1054,-0.069862,-0.085561,-0.99388
168.44,153.78,55.439,-0.54964,0.83497,0.026836,0.82858,0.54897,-0.10995,-0.10654,-0.038197,-0.99357
172.71,147.28,55.154,-0.55146,0.83313,0.042233,0.82917,0.55298,-0.0818,-0.091504,-0.010092,-0.99575
176.98,140.78,54.482,-0.54726,0.83232,0.088053,0.82826,0.55369,-0.086066,-0.12039,0.025831,-0.99239
181.25,134.28,53.745,-0.54226,0.82572,0.15537,0.82679,0.55732,-0.076259,-0.14956,0.087104,-0.98491
185.52,127.78,52.522,-0.54241,0.82562,0.15538,0.8267,0.55746,-0.076232,-0.14956,0.087104,-0.98491
189.79,121.28,51.281,-0.54396,0.82277,0.1648,0.82677,0.55908,-0.062282,-0.14338,0.10238,-0.98436
194.06,114.78,49.598,-0.53612,0.81534,0.21863,0.8235,0.56209,-0.07682,-0.18552,0.13885,-0.97278
198.32,108.28,47.797,-0.53223,0.81039,0.24496,0.82311,0.56301,-0.074192,-0.19804,0.16214,-0.96669
202.59,101.78,45.829,-0.53344,0.8057,0.25746,0.81721,0.56946,-0.088856,-0.2182,0.163,-0.96219
206.86,95.283,43.431,-0.52452,0.79757,0.29792,0.82837,0.55891,-0.03784,-0.19669,0.22694,-0.95384
211.13,88.783,40.87,-0.51622,0.7858,0.34063,0.82937,0.55789,-0.030104,-0.21369,0.26697,-0.93971
215.4,82.283,38.014,-0.51286,0.78092,0.35656,0.83165,0.55497,-0.019256,-0.21292,0.28665,-0.93408
219.67,75.783,35.038,-0.5104,0.77727,0.36789,0.8363,0.54827,0.0018841,-0.20024,0.30863,-0.92987
223.94,69.283,31.774,-0.50188,0.76423,0.40505,0.83515,0.55002,-0.0029529,-0.22504,0.3368,-0.91429
228.21,62.783,28.332,-0.50233,0.76472,0.40357,0.8344,0.55113,-0.0057352,-0.2268,0.33386,-0.91493
232.47,56.283,24.741,-0.49725,0.75691,0.42406,0.84703,0.52933,0.048407,-0.18783,0.38326,-0.90434
236.74,49.783,21.125,-0.49738,0.75866,0.42076,0.8441,0.53518,0.032837,-0.20027,0.37149,-0.90658
241.01,43.283,17.334,-0.49121,0.74489,0.4515,0.85773,0.50391,0.10181,-0.15168,0.43727,-0.88645
169.53,154.72,55.287,-0.69271,0.71971,0.046608,0.7133,0.69322,-0.10314,-0.10654,-0.038197,-0.99357
174.89,149.16,54.926,-0.69707,0.71544,0.04724,0.70904,0.69762,-0.10285,-0.10654,-0.038197,-0.99357
180.24,143.59,54.105,-0.68999,0.71552,0.1093,0.71061,0.69834,-0.085725,-0.13767,0.018522,-0.99031
185.6,138.03,53.171,-0.68653,0.71251,0.14492,0.70747,0.7006,-0.093016,-0.16781,0.03867,-0.98506
190.95,132.46,51.994,-0.68434,0.70951,0.16813,0.71065,0.70062,-0.064059,-0.16325,0.075646,-0.98368
196.31,126.9,50.55,-0.68076,0.70553,0.19698,0.70563,0.7038,-0.08219,-0.19662,0.083046,-0.97696
201.66,121.33,48.881,-0.67674,0.70182,0.22242,0.70686,0.70385,-0.070228,-0.20584,0.1097,-0.97242
207.02,115.77,47.019,-0.67159,0.69689,0.25161,0.70191,0.70716,-0.085125,-0.23725,0.11944,-0.96408
212.38,110.2,44.954,-0.66217,0.68798,0.29702,0.70175,0.70834,-0.076236,-0.26284,0.15795,-0.95182
217.73,104.64,42.552,-0.66292,0.68722,0.2971,0.70104,0.70907,-0.075919,-0.26284,0.15795,-0.95182
223.09,99.075,40.036,-0.65635,0.68189,0.32285,0.69614,0.71234,-0.08927,-0.29085,0.16615,-0.94223
228.44,93.51,37.398,-0.65831,0.67813,0.32674,0.69102,0.71657,-0.094951,-0.29852,0.16328,-0.94033
233.8,87.946,34.382,-0.64552,0.67046,0.36577,0.69799,0.71229,-0.073805,-0.31002,0.20766,-0.92777
239.16,82.381,31.329,-0.64352,0.66815,0.37345,0.69734,0.71293,-0.073886,-0.31561,0.21287,-0.9247
244.51,76.817,28.185,-0.64211,0.66589,0.37986,0.69918,0.71189,-0.06604,-0.31439,0.22319,-0.92268
249.87,71.252,24.904,-0.63557,0.66093,0.39904,0.69373,0.71572,-0.080507,-0.33881,0.22566,-0.91339
255.22,65.688,21.586,-0.64038,0.66534,0.38372,0.7114,0.70213,-0.030201,-0.28952,0.25364,-0.92296
260.58,60.123,18.377,-0.64038,0.66534,0.38372,0.7114,0.70213,-0.030201,-0.28952,0.25364,-0.92296
165.5,168.47,54.601,-0.82993,0.55777,0.010321,0.55347,0.82558,-0.10998,-0.069862,-0.085561,-0.99388
171.94,164.14,54.493,-0.83178,0.55467,0.022154,0.54935,0.82822,-0.11076,-0.079784,-0.079958,-0.9936
178.37,159.81,54.043,-0.82664,0.55549,0.090031,0.54658,0.83062,-0.10639,-0.13388,-0.038734,-0.99024
184.8,155.48,53.309,-0.82478,0.55366,0.11488,0.54506,0.83253,-0.099047,-0.15048,-0.019077,-0.98843
191.24,151.16,52.339,-0.82529,0.55062,0.12533,0.54034,0.83448,-0.10809,-0.1641,-0.021486,-0.98621
197.67,146.83,51.09,-0.82028,0.549,0.16044,0.53844,0.83582,-0.10716,-0.19293,-0.0015193,-0.98121
204.1,142.5,49.664,-0.81286,0.54525,0.20485,0.52848,0.83827,-0.13422,-0.2449,-0.00084636,-0.96955
210.54,138.18,47.968,-0.80564,0.54061,0.24225,0.52365,0.84109,-0.13553,-0.27702,0.017665,-0.9607
216.97,133.85,45.969,-0.80446,0.53775,0.25233,0.53285,0.84102,-0.093539,-0.26252,0.05921,-0.96311
223.4,129.52,43.709,-0.79427,0.53144,0.29447,0.51366,0.84621,-0.14171,-0.3245,0.038698,-0.94509
229.84,125.19,41.188,-0.78568,0.52653,0.32476,0.51892,0.84672,-0.1174,-0.3368,0.076286,-0.93848
236.27,120.87,38.413,-0.77727,0.52151,0.35197,0.50994,0.84985,-0.13311,-0.36854,0.076025,-0.9265
242.7,116.54,35.431,-0.77191,0.51604,0.37129,0.51265,0.85066,-0.1165,-0.37596,0.10041,-0.92118
249.14,112.21,32.143,-0.76347,0.51044,0.39568,0.50027,0.85487,-0.13755,-0.40846,0.09293,-0.90803
255.57,107.88,28.646,-0.75317,0.50493,0.42164,0.48635,0.85901,-0.15992,-0.44294,0.084615,-0.89255
262,103.56,24.967,-0.74609,0.50352,0.43568,0.48652,0.85897,-0.15957,-0.45459,0.092914,-0.88584
172.82,166.33,54.246,-0.95969,0.27565,0.054878,0.2695,0.95793,-0.098727,-0.079784,-0.079958,-0.9936
180.13,164.19,53.46,-0.95261,0.27816,0.12317,0.26515,0.95767,-0.11206,-0.14913,-0.074091,-0.98604
187.44,162.05,52.488,-0.9493,0.27715,0.14838,0.26251,0.95853,-0.11094,-0.17297,-0.06637,-0.98269
194.76,159.91,51.316,-0.94806,0.27368,0.16213,0.2566,0.9592,-0.11866,-0.18799,-0.070898,-0.97961
202.07,157.77,49.844,-0.9388,0.27441,0.2082,0.25979,0.96096,-0.095175,-0.22619,-0.035264,-0.97345
209.39,155.63,48.214,-0.93592,0.26944,0.22682,0.24711,0.96125,-0.12223,-0.25096,-0.058344,-0.96624
216.7,153.5,46.181,-0.92474,0.26772,0.27053,0.24678,0.96289,-0.10932,-0.28976,-0.034326,-0.95648
224.01,151.36,43.854,-0.91163,0.26615,0.31319,0.24308,0.9636,-0.11131,-0.33141,-0.025339,-0.94315
231.33,149.22,41.312,-0.91005,0.26107,0.32196,0.24303,0.96528,-0.095785,-0.33579,-0.0089227,-0.94189
238.64,147.08,38.316,-0.88606,0.25834,0.38492,0.23191,0.96598,-0.11447,-0.4014,-0.012159,-0.91582
245.96,144.94,35.086,-0.87129,0.25218,0.42102,0.2319,0.96762,-0.099665,-0.43252,0.010796,-0.90156
253.27,142.8,31.339,-0.85768,0.24988,0.44939,0.22328,0.96827,-0.11225,-0.46318,0.0040704,-0.88626
260.59,140.66,27.439,-0.84653,0.23886,0.47575,0.19496,0.9707,-0.14046,-0.49536,-0.026146,-0.86829
267.9,138.52,22.811,-0.82023,0.23988,0.5193,0.19758,0.97076,-0.13634,-0.53682,-0.0092273,-0.84364
167.38,168.11,54.499,-0.98084,-0.17576,0.084076,-0.18188,0.98071,-0.071642,-0.069862,-0.085561,-0.99388
174.86,169.44,53.697,-0.97351,-0.17292,0.14962,-0.18486,0.98028,-0.069862,-0.13459,-0.095669,-0.98627
182.34,170.77,52.548,-0.97344,-0.17327,0.14965,-0.18521,0.98022,-0.069808,-0.13459,-0.095669,-0.98627
189.82,172.1,51.358,-0.96184,-0.17084,0.2137,-0.19063,0.97875,-0.075547,-0.19625,-0.1134,-0.97397
197.3,173.43,49.697,-0.9617,-0.17157,0.21375,-0.19135,0.97862,-0.075388,-0.19625,-0.1134,-0.97397
204.77,174.75,47.959,-0.94985,-0.16906,0.26306,-0.19006,0.98015,-0.056366,-0.24831,-0.10354,-0.96313
212.25,176.08,45.841,-0.94444,-0.16848,0.28223,-0.19275,0.97939,-0.060322,-0.26625,-0.11137,-0.95745
219.73,177.41,43.512,-0.94015,-0.16872,0.29607,-0.19331,0.97956,-0.055627,-0.28063,-0.10953,-0.95355
227.21,178.74,40.916,-0.91721,-0.16304,0.36353,-0.18693,0.98188,-0.031267,-0.35184,-0.096631,-0.93106
234.69,180.07,37.921,-0.91554,-0.16388,0.36734,-0.19231,0.98044,-0.041903,-0.35329,-0.10901,-0.92914
242.17,181.4,34.68,-0.90052,-0.16125,0.40381,-0.19046,0.98114,-0.032934,-0.39089,-0.10657,-0.91425
249.64,182.72,31.004,-0.88092,-0.15686,0.44651,-0.18459,0.98263,-0.018991,-0.43577,-0.099151,-0.89458
257.12,184.05,27.045,-0.86409,-0.15341,0.47938,-0.17308,0.9849,0.0032155,-0.47264,-0.080193,-0.8776
264.6,185.38,22.717,-0.83954,-0.14885,0.5225,-0.16451,0.98624,0.016639,-0.51779,-0.071987,-0.85247
272.08,186.71,17.922,-0.81565,-0.14601,0.55982,-0.15587,0.98731,0.030404,-0.55715,-0.062461,-0.82806
166.59,170.46,54.353,-0.87092,-0.48061,0.10259,-0.48644,0.87275,-0.040941,-0.069862,-0.085561,-0.99388
173.27,174.13,53.304,-0.86587,-0.47804,0.14746,-0.49222,0.86676,-0.080358,-0.089395,-0.14216,-0.9858
179.95,177.81,52.015,-0.86273,-0.475,0.17341,-0.48819,0.87178,-0.040815,-0.13179,-0.11987,-0.984
186.63,181.48,50.589,-0.85856,-0.47268,0.19859,-0.48938,0.87104,-0.042478,-0.1529,-0.13366,-0.97916
193.31,185.16,48.968,-0.84946,-0.4672,0.24526,-0.49324,0.86819,-0.054508,-0.18746,-0.16727,-0.96792
199.99,188.83,47.039,-0.84882,-0.46831,0.24533,-0.49433,0.86759,-0.054193,-0.18746,-0.16727,-0.96792
206.67,192.5,44.924,-0.83508,-0.4593,0.3028,-0.48898,0.87191,-0.025995,-0.25207,-0.16977,-0.9527
213.35,196.18,42.499,-0.83123,-0.45727,0.31617,-0.48779,0.87272,-0.020217,-0.26669,-0.17103,-0.94849
220.03,199.85,39.923,-0.82718,-0.45534,0.32932,-0.49042,0.87106,-0.027437,-0.27436,-0.1842,-0.94382
226.71,203.53,37.163,-0.81483,-0.44816,0.3677,-0.48196,0.87619,-0.00011742,-0.32212,-0.17731,-0.92994
233.39,207.2,34.116,-0.81095,-0.44612,0.37859,-0.48664,0.8735,-0.013089,-0.32486,-0.19485,-0.92547
240.07,210.88,30.943,-0.80119,-0.44063,0.40489,-0.47583,0.8794,0.015451,-0.36287,-0.18028,-0.91423
246.75,214.55,27.555,-0.80051,-0.44007,0.40684,-0.47555,0.87955,0.015695,-0.36474,-0.18091,-0.91337
253.43,218.22,24.063,-0.79375,-0.4362,0.4239,-0.46556,0.8842,0.038089,-0.39143,-0.16712,-0.90491
260.11,221.9,20.425,-0.78951,-0.43358,0.43436,-0.45388,0.88888,0.0623,-0.41311,-0.14796,-0.89858
266.79,225.57,16.671,-0.78477,-0.43192,0.4445,-0.44753,0.89106,0.075737,-0.42879,-0.13949,-0.89257
161.54,170.81,54.662,-0.7664,-0.63489,0.097683,-0.63986,0.76794,-0.028992,-0.056608,-0.084723,-0.9948
167.43,175.68,53.61,-0.76092,-0.62889,0.15969,-0.64266,0.76439,-0.051954,-0.089395,-0.14216,-0.9858
173.33,180.56,52.372,-0.7609,-0.62891,0.1597,-0.64268,0.76437,-0.051949,-0.089395,-0.14216,-0.9858
179.23,185.43,51.13,-0.75651,-0.62967,0.17667,-0.64812,0.75796,-0.073813,-0.087428,-0.17034,-0.9815
185.13,190.31,49.398,-0.75051,-0.62074,0.22675,-0.64726,0.7597,-0.062578,-0.13342,-0.19373,-0.97194
191.03,195.18,47.571,-0.74356,-0.61454,0.26355,-0.64677,0.76103,-0.050218,-0.16971,-0.2078,-0.96334
196.92,200.05,45.481,-0.74292,-0.61529,0.2636,-0.64751,0.76042,-0.049957,-0.16971,-0.2078,-0.96334
202.82,204.93,43.233,-0.73263,-0.60566,0.31052,-0.6515,0.75607,-0.062439,-0.19696,-0.24805,-0.94852
208.72,209.8,40.718,-0.73203,-0.60536,0.31252,-0.64549,0.76301,-0.033969,-0.21789,-0.22659,-0.9493
214.62,214.68,38.136,-0.72179,-0.59655,0.35093,-0.63981,0.76847,-0.0096277,-0.26394,-0.23148,-0.93635
220.52,219.55,35.269,-0.72176,-0.59658,0.35093,-0.63984,0.76845,-0.0096122,-0.26394,-0.23148,-0.93635
226.42,224.43,32.364,-0.71354,-0.59022,0.37749,-0.65298,0.75552,-0.053002,-0.25392,-0.28431,-0.92449
232.31,229.3,29.186,-0.71175,-0.58825,0.38389,-0.64136,0.76712,-0.013632,-0.28647,-0.25592,-0.92328
238.21,234.18,26.005,-0.71175,-0.58825,0.38389,-0.64136,0.76712,-0.013632,-0.28647,-0.25592,-0.92328
244.11,239.05,22.824,-0.71175,-0.58825,0.38389,-0.64136,0.76712,-0.013632,-0.28647,-0.25592,-0.92328
250.01,243.93,19.643,-0.7118,-0.58819,0.38389,-0.64131,0.76716,-0.013663,-0.28647,-0.25592,-0.92328
255.91,248.8,16.509,-0.71747,-0.59294,0.36559,-0.63582,0.77183,0.0040056,-0.28455,-0.22958,-0.93077
261.8,253.68,13.431,-0.71499,-0.59095,0.37359,-0.62303,0.78101,0.043049,-0.31722,-0.20198,-0.92659
161.53,170.67,54.675,-0.57706,-0.81033,0.10185,-0.81474,0.57982,-0.0030195,-0.056608,-0.084723,-0.9948
165.95,176.87,53.568,-0.57181,-0.80273,0.16927,-0.81579,0.57818,-0.013891,-0.086718,-0.14603,-0.98547
170.37,183.08,52.26,-0.57167,-0.80283,0.16927,-0.81589,0.57805,-0.013862,-0.086718,-0.14603,-0.98547
174.79,189.28,50.857,-0.56908,-0.80014,0.18956,-0.81762,0.57512,-0.026983,-0.087428,-0.17034,-0.9815
179.21,195.49,49.18,-0.56386,-0.79165,0.23528,-0.81495,0.57952,-0.0031643,-0.13385,-0.19353,-0.97192
183.63,201.69,47.236,-0.56097,-0.78881,0.25118,-0.81958,0.57193,-0.034303,-0.1166,-0.2251,-0.96733
188.05,207.9,45.087,-0.55663,-0.78216,0.27998,-0.81907,0.57304,-0.027512,-0.13892,-0.24463,-0.95961
192.47,214.1,42.741,-0.55038,-0.77294,0.31568,-0.82203,0.56783,-0.042864,-0.14612,-0.28309,-0.9479
196.89,220.31,40.174,-0.54661,-0.76819,0.33331,-0.82383,0.56465,-0.049677,-0.15004,-0.30175,-0.94151
201.31,226.51,37.402,-0.54393,-0.76483,0.34521,-0.823,0.56652,-0.041588,-0.16376,-0.30673,-0.9376
205.73,232.72,34.459,-0.53783,-0.75503,0.37505,-0.82426,0.56434,-0.045916,-0.17699,-0.33384,-0.92587
210.15,238.92,31.377,-0.53721,-0.75546,0.37509,-0.82467,0.56377,-0.045633,-0.17699,-0.33384,-0.92587
214.57,245.13,28.159,-0.53325,-0.75002,0.3913,-0.82862,0.55626,-0.063009,-0.17041,-0.35784,-0.9181
218.99,251.33,24.811,-0.52974,-0.74444,0.40644,-0.82999,0.55365,-0.067697,-0.17463,-0.3732,-0.91117
223.41,257.54,21.367,-0.52794,-0.74105,0.41487,-0.83568,0.54037,-0.098227,-0.15139,-0.39856,-0.90456
227.83,263.74,17.899,-0.5267,-0.74215,0.41449,-0.83599,0.54055,-0.094453,-0.15396,-0.39626,-0.90514
232.25,269.95,14.289,-0.52412,-0.7353,0.4297,-0.84447,0.51407,-0.15035,-0.11034,-0.44167,-0.89037
158.44,174.42,54.292,-0.36715,-0.92246,0.11946,-0.93011,0.3654,-0.037065,-0.009459,-0.12472,-0.99215
161.24,181.44,53.195,-0.36593,-0.9189,0.14733,-0.93036,0.36507,-0.033816,-0.022714,-0.14945,-0.98851
164.04,188.45,51.905,-0.36242,-0.90813,0.20963,-0.92961,0.36837,-0.011349,-0.066916,-0.19899,-0.97771
166.84,195.47,50.286,-0.36211,-0.90826,0.20964,-0.92973,0.36807,-0.011279,-0.066916,-0.19899,-0.97771
169.64,202.48,48.435,-0.35893,-0.89954,0.24899,-0.92986,0.36771,-0.01199,-0.080772,-0.23583,-0.96843
172.44,209.5,46.458,-0.3578,-0.89842,0.2546,-0.93067,0.36538,-0.018581,-0.076334,-0.2436,-0.96687
175.24,216.52,44.179,-0.3536,-0.88785,0.29443,-0.93167,0.36234,-0.02625,-0.083378,-0.28359,-0.95531
178.04,223.53,41.647,-0.34825,-0.8731,0.34119,-0.93161,0.36275,-0.022628,-0.10401,-0.32573,-0.93972
180.84,230.55,38.843,-0.34559,-0.86905,0.35399,-0.93494,0.35119,-0.050587,-0.080354,-0.34844,-0.93388
183.64,237.57,35.801,-0.34049,-0.85461,0.39205,-0.93389,0.3558,-0.035475,-0.10918,-0.37821,-0.91926
186.44,244.58,32.459,-0.33686,-0.8476,0.41001,-0.93705,0.34434,-0.058016,-0.092009,-0.40374,-0.91023
189.24,251.6,28.877,-0.32979,-0.82644,0.45634,-0.9396,0.33422,-0.073753,-0.091567,-0.4531,-0.88674
192.04,258.62,25,-0.32585,-0.82551,0.46082,-0.94223,0.32358,-0.086613,-0.077611,-0.46242,-0.88326
194.84,265.63,20.751,-0.31853,-0.80607,0.49878,-0.94476,0.31282,-0.097806,-0.077189,-0.50238,-0.86119
197.64,272.65,16.144,-0.31581,-0.78635,0.53096,-0.94725,0.29353,-0.12869,-0.05466,-0.54359,-0.83757
157.97,181.89,53.202,0.06111,-0.98712,0.14783,-0.99787,-0.05705,0.031555,-0.022714,-0.14945,-0.98851
157.51,189.35,51.965,0.0608,-0.98358,0.16994,-0.99804,-0.057386,0.024931,-0.014769,-0.17112,-0.98514
157.04,196.82,50.496,0.059327,-0.97929,0.19358,-0.99777,-0.052213,0.041654,-0.030684,-0.19562,-0.9802
156.57,204.29,48.693,0.060274,-0.96981,0.2363,-0.99816,-0.056851,0.021281,-0.0072048,-0.23714,-0.97145
156.11,211.75,46.782,0.05881,-0.95276,0.29798,-0.99752,-0.044488,0.054626,-0.038789,-0.30046,-0.95301
155.64,219.22,44.353,0.058806,-0.94884,0.31023,-0.9982,-0.052281,0.029314,-0.011596,-0.31139,-0.95021
155.18,226.69,41.801,0.057965,-0.9425,0.32914,-0.99831,-0.053639,0.022217,-0.0032846,-0.32987,-0.94402
154.71,234.16,38.888,0.056727,-0.92678,0.37129,-0.99815,-0.044412,0.041641,-0.022102,-0.37296,-0.92758
154.24,241.62,35.681,0.056044,-0.9015,0.42914,-0.9983,-0.043827,0.038306,-0.015725,-0.43056,-0.90242
153.78,249.09,32.079,0.054875,-0.89055,0.45156,-0.99849,-0.047474,0.027714,-0.0032432,-0.4524,-0.89181
153.31,256.56,28.079,0.053411,-0.86212,0.50388,-0.99856,-0.043774,0.03095,-0.0046254,-0.50481,-0.86322
152.84,264.03,23.604,0.051169,-0.84457,0.533,-0.99868,-0.040412,0.031839,-0.0053506,-0.53392,-0.84552
152.38,271.49,18.464,0.051649,-0.80043,0.5972,-0.99864,-0.037154,0.036569,-0.0070824,-0.59828,-0.80126
146.61,182.56,53.234,0.41243,-0.89653,0.16166,-0.91026,-0.41265,0.03378,0.036426,-0.16109,-0.98627
143.47,189.38,51.936,0.41091,-0.89559,0.17051,-0.91149,-0.40732,0.057204,0.018219,-0.17892,-0.98369
140.33,196.2,50.465,0.40781,-0.88628,0.21955,-0.91198,-0.40709,0.050663,0.044472,-0.22088,-0.97429
137.19,203.02,48.743,0.40468,-0.87922,0.25141,-0.91298,-0.40409,0.056389,0.052014,-0.25235,-0.96624
134.05,209.84,46.779,0.40272,-0.87814,0.25823,-0.91326,-0.40443,0.048956,0.061445,-0.25555,-0.96484
130.91,216.66,44.545,0.39744,-0.86431,0.30825,-0.9154,-0.39683,0.06758,0.063912,-0.30903,-0.9489
127.77,223.49,42.06,0.39407,-0.85764,0.33041,-0.91471,-0.401,0.050061,0.089562,-0.32196,-0.94251
124.63,230.31,39.318,0.39064,-0.85114,0.35064,-0.91595,-0.39739,0.055818,0.091835,-0.34298,-0.93484
121.49,237.13,36.347,0.38519,-0.83666,0.3894,-0.91951,-0.38374,0.085089,0.078239,-0.39084,-0.91713
118.35,243.95,33.173,0.38069,-0.83852,0.38981,-0.92139,-0.37964,0.083181,0.078239,-0.39084,-0.91713
115.21,250.77,29.518,0.37392,-0.81589,0.44102,-0.92459,-0.36528,0.10814,0.072865,-0.4482,-0.89096
112.07,257.59,25.708,0.36452,-0.79397,0.48655,-0.92707,-0.35853,0.10949,0.087509,-0.49098,-0.86677
108.93,264.42,21.454,0.35801,-0.78288,0.50884,-0.93124,-0.33905,0.13355,0.067967,-0.52167,-0.85044
105.79,271.24,16.873,0.35644,-0.77096,0.52779,-0.93164,-0.33601,0.13836,0.070669,-0.54103,-0.83803
144.33,173.68,54.366,0.576,-0.80857,0.12015,-0.8169,-0.57476,0.048242,0.03005,-0.12594,-0.99158
139.92,179.87,53.425,0.57291,-0.80527,0.15268,-0.81881,-0.57061,0.062956,0.036426,-0.16109,-0.98627
135.51,186.06,52.162,0.57147,-0.80272,0.17047,-0.81774,-0.57444,0.036385,0.068716,-0.16019,-0.98469
131.1,192.25,50.757,0.56683,-0.79691,0.20889,-0.82062,-0.56855,0.057751,0.072744,-0.20416,-0.97623
126.69,198.44,49.021,0.56368,-0.79192,0.23478,-0.82004,-0.57061,0.044152,0.099004,-0.21742,-0.97104
122.28,204.63,47.097,0.55973,-0.78559,0.26372,-0.81971,-0.57156,0.037172,0.12153,-0.23698,-0.96388
117.87,210.82,45.009,0.5561,-0.78191,0.28171,-0.81889,-0.5734,0.024984,0.142,-0.24458,-0.95917
113.45,217.01,42.503,0.55017,-0.77234,0.31749,-0.82427,-0.56318,0.058343,0.13374,-0.29379,-0.94647
109.04,223.2,39.939,0.54371,-0.76395,0.3475,-0.82725,-0.55765,0.068391,0.14154,-0.32466,-0.93518
104.63,229.39,37.059,0.541,-0.75935,0.36153,-0.82542,-0.56182,0.05514,0.16124,-0.32824,-0.93073
100.22,235.58,34.102,0.53498,-0.75077,0.38748,-0.83085,-0.5507,0.080091,0.15326,-0.36479,-0.91839
95.81,241.78,30.907,0.53334,-0.75186,0.38764,-0.8319,-0.54922,0.079327,0.15326,-0.36479,-0.91839
91.399,247.97,27.507,0.5281,-0.74132,0.41419,-0.82784,-0.55809,0.056638,0.18917,-0.37279,-0.90843
86.988,254.16,24.031,0.51848,-0.72762,0.44917,-0.84107,-0.52868,0.11443,0.15421,-0.43712,-0.88609
82.577,260.35,20.21,0.51848,-0.72762,0.44917,-0.84107,-0.52868,0.11443,0.15421,-0.43712,-0.88609
78.166,266.54,16.389,0.51848,-0.72762,0.44917,-0.84107,-0.52868,0.11443,0.15421,-0.43712,-0.88609
