397.43,293.19,110.7,-0.99654,0.020256,0.080628,0.018023,0.99944,-0.028329,-0.081156,-0.026778,-0.99634
402.06,293.1,110.31,-0.99598,0.018757,0.087537,0.0086147,0.99335,-0.11483,-0.089108,-0.11362,-0.98952
406.69,293,109.84,-0.99385,0.019715,0.10898,0.0072871,0.99354,-0.11328,-0.11051,-0.11179,-0.98757
411.33,292.91,109.31,-0.99313,0.01974,0.11536,0.016947,0.99954,-0.025138,-0.11581,-0.02301,-0.99301
415.96,292.81,108.67,-0.9816,0.020037,0.18989,0.014916,0.99949,-0.028358,-0.19036,-0.025004,-0.9814
420.59,292.72,107.77,-0.9816,0.020042,0.18989,0.014921,0.99949,-0.028359,-0.19036,-0.025004,-0.9814
425.22,292.62,106.88,-0.98374,0.019933,0.17847,0.015046,0.99947,-0.028695,-0.17895,-0.025544,-0.98353
429.85,292.53,106.01,-0.97979,0.013961,0.19955,-0.0055819,0.99527,-0.097037,-0.19996,-0.09619,-0.97507
434.48,292.43,104.78,-0.961,0.019517,0.27585,0.013936,0.99966,-0.02218,-0.27618,-0.017471,-0.96095
439.11,292.34,103.43,-0.95972,0.01959,0.28028,0.013813,0.99965,-0.022575,-0.28062,-0.017794,-0.95965
443.74,292.24,102.07,-0.95973,0.018679,0.2803,0.012938,0.99967,-0.022319,-0.28062,-0.017794,-0.95965
448.37,292.15,100.53,-0.93782,0.019143,0.3466,0.0094545,0.99952,-0.029623,-0.347,-0.024504,-0.93754
453,292.06,98.813,-0.93782,0.018537,0.34662,0.0088858,0.99953,-0.029413,-0.347,-0.024504,-0.93754
457.64,291.96,97,-0.92232,0.018295,0.386,0.0083602,0.99959,-0.027402,-0.38635,-0.022046,-0.92209
462.27,291.87,94.965,-0.90343,0.018407,0.42833,0.0094364,0.99969,-0.023057,-0.42862,-0.016789,-0.90333
466.9,291.77,92.761,-0.90199,0.018412,0.43135,0.0092786,0.99969,-0.023268,-0.43165,-0.016986,-0.90188
471.53,291.68,90.547,-0.902,0.017844,0.43137,0.0087658,0.9997,-0.023023,-0.43165,-0.016986,-0.90188
476.16,291.58,88.205,-0.86944,0.017759,0.49372,0.009482,0.99977,-0.019264,-0.49395,-0.012067,-0.86941
480.79,291.49,85.579,-0.87453,0.017888,0.48464,0.0081076,0.99972,-0.022268,-0.48491,-0.015545,-0.87443
485.42,291.39,83.021,-0.87524,0.016965,0.48339,0.0079121,0.99975,-0.020762,-0.48362,-0.014347,-0.87516
490.05,291.3,80.234,-0.85222,0.017421,0.5229,0.0058803,0.9997,-0.023722,-0.52316,-0.017142,-0.85206
494.68,291.2,77.398,-0.84877,0.017391,0.52847,0.0043772,0.99966,-0.025867,-0.52874,-0.019642,-0.84856
499.31,291.11,74.528,-0.84444,0.017237,0.53538,0.00090439,0.99953,-0.030754,-0.53565,-0.025486,-0.84405
503.95,291.02,71.592,-0.84444,0.017234,0.53538,0.00090194,0.99953,-0.030753,-0.53565,-0.025486,-0.84405
508.58,290.92,68.656,-0.84539,0.017254,0.53387,0.0024015,0.99959,-0.028502,-0.53415,-0.022813,-0.84508
513.21,290.83,65.73,-0.84891,0.016556,0.52827,0.0037464,0.99967,-0.025309,-0.52852,-0.019506,-0.8487
517.84,290.73,62.682,-0.84537,0.017256,0.5339,-0.0052566,0.99916,-0.040617,-0.53415,-0.037143,-0.84457
522.47,290.64,59.757,-0.84537,0.017475,0.53389,-0.0050715,0.99916,-0.040734,-0.53415,-0.037143,-0.84457
527.1,290.54,56.862,-0.84539,0.017517,0.53386,-0.010113,0.99876,-0.048785,-0.53406,-0.046642,-0.84416
406.59,292.37,109.87,-0.98121,0.15801,0.11077,0.15435,0.98717,-0.040876,-0.11581,-0.02301,-0.99301
411.12,291.64,109.36,-0.98131,0.15736,0.11079,0.15371,0.98727,-0.040804,-0.11581,-0.02301,-0.99301
415.64,290.91,108.77,-0.97072,0.15626,0.18243,0.14927,0.98745,-0.051492,-0.18819,-0.022752,-0.98187
420.17,290.18,107.92,-0.97038,0.15626,0.18425,0.14875,0.9874,-0.05401,-0.19036,-0.025004,-0.9814
424.7,289.45,107.06,-0.97032,0.15668,0.18422,0.14916,0.98733,-0.054088,-0.19036,-0.025004,-0.9814
429.22,288.72,106.24,-0.96976,0.15344,0.18979,0.14763,0.98804,-0.044504,-0.19435,-0.015141,-0.98082
433.75,287.99,105.07,-0.95053,0.15287,0.27041,0.14218,0.98809,-0.058828,-0.27618,-0.017471,-0.96095
438.28,287.26,103.77,-0.94925,0.15307,0.27474,0.14201,0.98806,-0.059846,-0.28062,-0.017794,-0.95965
442.8,286.53,102.47,-0.95068,0.15151,0.27064,0.13964,0.98821,-0.062707,-0.27695,-0.021821,-0.96064
447.33,285.81,101.06,-0.92913,0.14962,0.33813,0.13279,0.98849,-0.072521,-0.34509,-0.022481,-0.9383
451.86,285.08,99.417,-0.92926,0.14861,0.33821,0.13184,0.98864,-0.072175,-0.34509,-0.022481,-0.9383
456.38,284.35,97.701,-0.90958,0.14632,0.38891,0.12832,0.98911,-0.072014,-0.39522,-0.015596,-0.91846
460.91,283.62,95.755,-0.89558,0.14374,0.42104,0.12318,0.98949,-0.075788,-0.42751,-0.016011,-0.90387
465.44,282.89,93.595,-0.88605,0.14267,0.44108,0.16095,0.98695,0.0040747,-0.43475,0.074601,-0.89746
469.96,282.16,91.357,-0.88726,0.14288,0.43858,0.1612,0.98691,0.0045973,-0.43218,0.074777,-0.89868
474.49,281.43,89.119,-0.88721,0.14319,0.43858,0.16148,0.98687,0.0044605,-0.43218,0.074777,-0.89868
479.02,280.7,86.525,-0.85848,0.13828,0.49386,0.15409,0.98802,-0.0087948,-0.48916,0.068547,-0.8695
483.54,279.97,83.942,-0.85733,0.13804,0.49592,0.15817,0.98741,-0.0014035,-0.48987,0.077235,-0.86837
488.07,279.24,81.238,-0.83823,0.13499,0.52835,0.15683,0.98762,-0.0035172,-0.52228,0.079913,-0.84902
492.6,278.52,78.396,-0.8398,0.13524,0.52579,0.15872,0.98732,-0.00043665,-0.51918,0.083086,-0.85062
497.12,277.79,75.558,-0.83438,0.13436,0.53456,0.16121,0.98691,0.0035736,-0.52708,0.089158,-0.84512
501.65,277.06,72.665,-0.83524,0.13453,0.53317,0.16126,0.98691,0.0035964,-0.52571,0.088982,-0.846
506.18,276.33,69.73,-0.82814,0.13336,0.54443,0.15464,0.98795,-0.0067737,-0.53877,0.078581,-0.83878
510.7,275.6,66.754,-0.82815,0.13327,0.54443,0.15456,0.98796,-0.0067238,-0.53877,0.078581,-0.83878
515.23,274.87,63.704,-0.81624,0.13124,0.56261,0.16536,0.98618,0.0098574,-0.55355,0.10108,-0.82666
519.76,274.14,60.697,-0.83034,0.13383,0.54094,0.16783,0.98572,0.013751,-0.53138,0.10221,-0.84095
524.28,273.41,57.702,-0.81382,0.13105,0.56615,0.24047,0.96286,0.12278,-0.52903,0.23607,-0.8151
528.81,272.68,54.552,-0.81382,0.13105,0.56615,0.24047,0.96286,0.12278,-0.52903,0.23607,-0.8151
395.41,286.07,111.05,-0.97717,0.19908,0.074243,0.19636,0.97962,-0.042323,-0.081156,-0.026778,-0.99634
399.9,285.16,110.69,-0.9766,0.19892,0.081792,0.19636,0.97978,-0.038285,-0.087754,-0.021328,-0.99591
404.39,284.24,110.29,-0.97418,0.19862,0.10737,0.19509,0.97986,-0.042579,-0.11367,-0.020533,-0.99331
408.89,283.32,109.8,-0.97431,0.19797,0.1074,0.19444,0.97999,-0.042507,-0.11367,-0.020533,-0.99331
413.38,282.41,109.23,-0.97175,0.20054,0.12444,0.20726,0.97732,0.043469,-0.1129,0.068033,-0.99127
417.88,281.49,108.4,-0.96048,0.19583,0.19779,0.2054,0.97825,0.028847,-0.18784,0.068332,-0.97982
422.37,280.57,107.48,-0.96018,0.19574,0.19935,0.20561,0.97818,0.029884,-0.18915,0.069684,-0.97947
426.87,279.66,106.55,-0.9604,0.19654,0.19748,0.20634,0.97801,0.030145,-0.18722,0.069701,-0.97984
431.36,278.74,105.51,-0.93967,0.19145,0.28348,0.20328,0.97904,0.012602,-0.27512,0.069466,-0.9589
435.86,277.83,104.21,-0.93713,0.19107,0.29203,0.20018,0.97976,0.0013434,-0.28586,0.059716,-0.95641
440.35,276.91,102.81,-0.93713,0.19106,0.29203,0.20017,0.97976,0.0013456,-0.28586,0.059716,-0.95641
444.85,275.99,101.43,-0.93914,0.19231,0.28466,0.20411,0.97887,0.012108,-0.27631,0.069473,-0.95855
449.34,275.08,99.75,-0.91627,0.18682,0.35433,0.20012,0.97977,0.00091613,-0.34699,0.071746,-0.93512
453.84,274.16,98.012,-0.91626,0.18685,0.35433,0.20015,0.97977,0.00090418,-0.34699,0.071746,-0.93512
458.33,273.24,96.091,-0.89606,0.1828,0.40454,0.20175,0.97943,0.0043011,-0.39543,0.08547,-0.91451
462.83,272.33,93.939,-0.88271,0.18003,0.43406,0.20069,0.97965,0.0017874,-0.42491,0.088688,-0.90088
467.32,271.41,91.558,-0.86894,0.17717,0.46212,0.23669,0.96879,0.073649,-0.43465,0.17338,-0.88376
471.82,270.49,89.167,-0.8685,0.17895,0.46225,0.23829,0.96846,0.072798,-0.43465,0.17338,-0.88376
476.31,269.58,86.646,-0.84625,0.17317,0.50385,0.23601,0.9697,0.063128,-0.47765,0.17234,-0.86148
480.81,268.66,83.919,-0.84601,0.17313,0.50427,0.24365,0.96681,0.076848,-0.47423,0.18788,-0.86012
485.3,267.74,81.197,-0.84099,0.17391,0.51234,0.24047,0.96841,0.066017,-0.48468,0.17872,-0.85624
489.8,266.83,78.268,-0.82401,0.1682,0.54103,0.23606,0.97001,0.057967,-0.51505,0.17548,-0.839
494.29,265.91,75.299,-0.80499,0.16437,0.57006,0.25228,0.96449,0.078149,-0.53698,0.20672,-0.81788
498.79,265,72.099,-0.80173,0.16346,0.57489,0.25212,0.9646,0.077329,-0.5419,0.20694,-0.81457
503.28,264.08,68.876,-0.80148,0.16442,0.57497,0.25291,0.96444,0.07676,-0.5419,0.20694,-0.81457
507.78,263.16,65.581,-0.79205,0.15995,0.58912,0.27492,0.95512,0.1103,-0.54504,0.24932,-0.80048
512.27,262.25,62.313,-0.79882,0.16794,0.57766,0.27812,0.95456,0.10708,-0.53343,0.24619,-0.80923
516.77,261.33,58.808,-0.77357,0.15982,0.61322,0.3492,0.91501,0.20204,-0.52881,0.37043,-0.76364
521.26,260.41,55.19,-0.7685,0.15575,0.6206,0.33774,0.92253,0.18672,-0.54345,0.3531,-0.76157
525.75,259.5,51.587,-0.75636,0.14569,0.63772,0.37623,0.89439,0.2419,-0.53513,0.4229,-0.7313
399.64,284.62,110.73,-0.94351,0.32244,0.076232,0.3195,0.94635,-0.048419,-0.087754,-0.021328,-0.99591
403.88,283.17,110.37,-0.93831,0.32089,0.12889,0.32686,0.94467,0.027606,-0.1129,0.068033,-0.99127
408.12,281.72,109.78,-0.9383,0.32089,0.12889,0.32686,0.94467,0.027605,-0.1129,0.068033,-0.99127
412.36,280.28,109.2,-0.93783,0.3217,0.13029,0.32784,0.94431,0.028153,-0.11398,0.069117,-0.99108
416.6,278.83,108.46,-0.92711,0.31706,0.19984,0.32432,0.94594,0.0037949,-0.18784,0.068332,-0.97982
420.84,277.38,107.55,-0.92679,0.31695,0.20153,0.32449,0.94588,0.0046305,-0.18915,0.069684,-0.97947
425.07,275.93,106.63,-0.92712,0.31712,0.1997,0.32465,0.94582,0.0052512,-0.18722,0.069701,-0.97984
429.31,274.48,105.67,-0.92269,0.31615,0.22067,0.32851,0.94427,0.020747,-0.20182,0.091637,-0.97513
433.55,273.03,104.53,-0.91629,0.31464,0.24781,0.32914,0.94411,0.018264,-0.22822,0.0983,-0.96864
437.79,271.58,103.07,-0.89768,0.307,0.31611,0.34174,0.9379,0.059606,-0.27818,0.16153,-0.94685
442.03,270.13,101.58,-0.8971,0.30857,0.31621,0.34325,0.93738,0.059074,-0.27818,0.16153,-0.94685
446.27,268.68,99.955,-0.87186,0.29814,0.38855,0.34001,0.93948,0.042056,-0.3525,0.16878,-0.92047
450.51,267.23,98.068,-0.87306,0.29871,0.38541,0.34223,0.93839,0.047949,-0.34734,0.17376,-0.9215
454.74,265.78,96.184,-0.86856,0.29783,0.39609,0.34266,0.93834,0.045837,-0.35802,0.17554,-0.91706
458.98,264.33,94.172,-0.84139,0.28775,0.45746,0.34084,0.93943,0.035988,-0.41939,0.1862,-0.8885
463.22,262.88,91.868,-0.841,0.28882,0.4575,0.3418,0.9391,0.035464,-0.41939,0.1862,-0.8885
467.46,261.43,89.401,-0.82406,0.28182,0.49144,0.36621,0.92686,0.082563,-0.43223,0.24801,-0.86699
471.7,259.98,86.873,-0.82236,0.28608,0.49181,0.37,0.92555,0.0803,-0.43223,0.24801,-0.86699
475.94,258.53,84.05,-0.79201,0.27182,0.54665,0.37369,0.92392,0.081992,-0.48278,0.26922,-0.83334
480.18,257.08,81.067,-0.7866,0.26812,0.55622,0.37163,0.92496,0.079685,-0.49311,0.26939,-0.82721
484.41,255.63,78.125,-0.76684,0.26338,0.58532,0.3866,0.91748,0.093653,-0.51235,0.2981,-0.80538
488.65,254.18,74.829,-0.75907,0.26049,0.59662,0.39398,0.91339,0.10247,-0.51826,0.31284,-0.79595
492.89,252.73,71.453,-0.75367,0.2626,0.60251,0.39736,0.91226,0.099447,-0.52353,0.31436,-0.79189
497.13,251.28,67.814,-0.72726,0.24949,0.63941,0.44595,0.87992,0.16389,-0.52175,0.40434,-0.75119
501.37,249.84,64.063,-0.72408,0.25835,0.63951,0.44486,0.88349,0.14677,-0.52708,0.39076,-0.75465
505.61,248.39,59.942,-0.69773,0.23862,0.67545,0.4764,0.85873,0.18875,-0.535,0.45348,-0.71284
509.84,246.94,55.839,-0.6925,0.24795,0.67747,0.48396,0.85608,0.18138,-0.535,0.45348,-0.71284
514.08,245.49,51.371,-0.66507,0.23815,0.70779,0.5176,0.83019,0.20703,-0.5383,0.50405,-0.67541
518.32,244.04,46.587,-0.62034,0.19283,0.76026,0.55733,0.79039,0.25429,-0.55187,0.58146,-0.59778
399.34,284.14,110.77,-0.89536,0.43988,0.069474,0.4366,0.8978,-0.057698,-0.087754,-0.021328,-0.99591
403.27,282.2,110.36,-0.89118,0.43977,0.11131,0.44478,0.89532,0.023762,-0.089209,0.070686,-0.9935
407.2,280.26,109.79,-0.88918,0.4383,0.13136,0.44341,0.89625,0.011008,-0.1129,0.068033,-0.99127
411.13,278.32,109.21,-0.88897,0.43828,0.1328,0.44355,0.89618,0.011489,-0.11398,0.069117,-0.99108
415.06,276.39,108.59,-0.87907,0.43329,0.19874,0.43812,0.89866,-0.021319,-0.18784,0.068332,-0.97982
418.99,274.45,107.7,-0.87888,0.43285,0.20052,0.43794,0.89877,-0.020632,-0.18915,0.069684,-0.97947
422.92,272.51,106.73,-0.87086,0.42844,0.24094,0.45378,0.88915,0.059069,-0.18892,0.16077,-0.96874
426.85,270.57,105.7,-0.873,0.43348,0.22351,0.45636,0.88772,0.060808,-0.17205,0.15509,-0.9728
430.78,268.64,104.48,-0.86022,0.42506,0.28168,0.45915,0.88595,0.065295,-0.2218,0.1855,-0.95729
434.71,266.7,103.13,-0.85663,0.42336,0.29489,0.45317,0.89063,0.037779,-0.24664,0.166,-0.95478
438.64,264.76,101.66,-0.84844,0.41834,0.32425,0.44879,0.89337,0.021703,-0.2806,0.16393,-0.94572
442.57,262.82,100.13,-0.83163,0.41379,0.37036,0.47721,0.87359,0.095517,-0.28402,0.25617,-0.92396
446.5,260.89,98.213,-0.81252,0.40051,0.42357,0.46722,0.88195,0.062313,-0.34861,0.24853,-0.90372
450.44,258.95,96.163,-0.81255,0.40038,0.42363,0.46702,0.88206,0.062124,-0.3488,0.24832,-0.9037
454.37,257.01,94.124,-0.80893,0.40267,0.42836,0.47697,0.87547,0.077764,-0.3437,0.26722,-0.90026
458.3,255.07,91.827,-0.78113,0.38507,0.4915,0.46696,0.88284,0.05046,-0.41448,0.26892,-0.86942
462.23,253.14,89.351,-0.76376,0.37729,0.52376,0.49943,0.85945,0.10918,-0.40895,0.34497,-0.84484
466.16,251.2,86.622,-0.75694,0.37605,0.53444,0.50046,0.85948,0.10405,-0.42021,0.34623,-0.83878
470.09,249.26,83.72,-0.7356,0.36184,0.57268,0.5112,0.85121,0.11881,-0.44448,0.38015,-0.81112
474.02,247.32,80.689,-0.73445,0.36962,0.56918,0.52132,0.84424,0.12446,-0.43452,0.38813,-0.81274
477.95,245.39,77.367,-0.70573,0.35089,0.61548,0.51126,0.85364,0.099568,-0.49046,0.38494,-0.78184
481.88,243.45,73.795,-0.70338,0.3506,0.61834,0.53208,0.8365,0.13096,-0.47133,0.42112,-0.77492
485.81,241.51,70.2,-0.64068,0.31631,0.69962,0.57033,0.80611,0.15783,-0.51405,0.50014,-0.69686
489.74,239.57,65.892,-0.63752,0.31644,0.70245,0.56403,0.81279,0.14574,-0.52483,0.48912,-0.69665
493.67,237.64,61.486,-0.62117,0.31068,0.71946,0.59301,0.78654,0.17234,-0.51234,0.5337,-0.67281
497.6,235.7,56.803,-0.57096,0.2799,0.77179,0.6205,0.76269,0.18243,-0.53758,0.58305,-0.60915
501.53,233.76,51.534,-0.56594,0.29705,0.76908,0.63053,0.75695,0.17162,-0.53117,0.58205,-0.61568
505.46,231.82,45.638,-0.51927,0.24417,0.81899,0.66711,0.71479,0.20987,-0.53416,0.65533,-0.53406
402.62,281.41,110.36,-0.7653,0.63353,0.11379,0.63746,0.77048,-0.0024206,-0.089209,0.070686,-0.9935
405.91,278.69,109.83,-0.76372,0.63224,0.13038,0.6356,0.77178,-0.019425,-0.1129,0.068033,-0.99127
409.2,275.97,109.26,-0.76356,0.63212,0.1319,0.6356,0.77178,-0.019273,-0.11398,0.069117,-0.99108
412.49,273.25,108.7,-0.7645,0.63098,0.13192,0.63446,0.77272,-0.019077,-0.11398,0.069117,-0.99108
415.77,270.53,107.79,-0.74622,0.61776,0.24804,0.63835,0.76974,0.0033377,-0.18887,0.16083,-0.96874
419.06,267.8,106.7,-0.74621,0.61777,0.24804,0.63835,0.76974,0.0033364,-0.18887,0.16083,-0.96874
422.35,265.08,105.6,-0.74574,0.61794,0.24906,0.6426,0.76582,0.024012,-0.1759,0.17795,-0.96819
425.64,262.36,104.42,-0.72733,0.60213,0.32928,0.65183,0.75622,0.056948,-0.21472,0.25606,-0.94251
428.93,259.64,102.93,-0.72733,0.60213,0.32928,0.65183,0.75622,0.056948,-0.21472,0.25606,-0.94251
432.21,256.92,101.45,-0.7267,0.60286,0.32934,0.65254,0.75564,0.056628,-0.21472,0.25606,-0.94251
435.5,254.2,99.879,-0.71139,0.59006,0.38178,0.64448,0.76437,0.019532,-0.2803,0.25995,-0.92405
438.79,251.47,97.911,-0.69364,0.57467,0.4343,0.66707,0.73999,0.086245,-0.27182,0.34953,-0.89663
442.08,248.75,95.835,-0.68251,0.56402,0.46482,0.66671,0.74104,0.07977,-0.29946,0.36434,-0.8818
445.36,246.03,93.641,-0.68352,0.57002,0.45594,0.66754,0.74084,0.074531,-0.29529,0.3553,-0.88689
448.65,243.31,91.249,-0.66629,0.55517,0.49783,0.65953,0.75026,0.046033,-0.34795,0.35901,-0.86605
451.94,240.59,88.505,-0.6424,0.53222,0.55142,0.68466,0.72185,0.1009,-0.34434,0.44236,-0.8281
455.23,237.86,85.668,-0.63636,0.53401,0.55667,0.68718,0.72031,0.094553,-0.35048,0.4427,-0.82533
458.52,235.14,82.509,-0.59677,0.49544,0.6312,0.68438,0.72494,0.078028,-0.41892,0.47854,-0.77169
461.8,232.42,78.96,-0.57401,0.47585,0.66639,0.7058,0.70012,0.10802,-0.41516,0.53235,-0.73773
465.09,229.7,75.119,-0.56771,0.4766,0.67124,0.70803,0.69867,0.10275,-0.42001,0.53359,-0.73409
468.38,226.98,70.971,-0.54584,0.45647,0.70264,0.71623,0.68937,0.10855,-0.43483,0.5625,-0.70322
471.67,224.26,66.563,-0.49883,0.41296,0.76199,0.74603,0.65209,0.13498,-0.44114,0.6358,-0.63337
474.96,221.53,61.541,-0.48654,0.42359,0.7641,0.7541,0.64524,0.12248,-0.44114,0.6358,-0.63337
478.24,218.81,55.637,-0.43864,0.3722,0.81796,0.7528,0.64929,0.10825,-0.49081,0.66324,-0.56499
481.53,216.09,49.098,-0.41617,0.34158,0.84269,0.76717,0.62939,0.12376,-0.48811,0.69799,-0.52399
402.01,280.83,110.38,-0.62398,0.77351,0.11106,0.77633,0.62984,-0.024897,-0.089209,0.070686,-0.9935
404.68,277.51,109.89,-0.62297,0.77236,0.12396,0.77405,0.63153,-0.044819,-0.1129,0.068033,-0.99127
407.35,274.2,109.35,-0.62448,0.77088,0.12558,0.77268,0.63322,-0.0447,-0.11398,0.069117,-0.99108
410.02,270.89,108.61,-0.61574,0.76346,0.1949,0.77986,0.62584,0.012229,-0.11264,0.15952,-0.98075
412.69,267.58,107.76,-0.61518,0.76298,0.19856,0.77992,0.62577,0.011789,-0.11526,0.16211,-0.98002
415.36,264.27,106.84,-0.60986,0.75399,0.24408,0.76968,0.6369,-0.044321,-0.18887,0.16083,-0.96874
418.03,260.96,105.63,-0.60322,0.74636,0.28119,0.77162,0.63532,-0.031042,-0.20182,0.19825,-0.95915
420.7,257.65,104.25,-0.59208,0.73409,0.3325,0.77767,0.62866,-0.0031536,-0.21134,0.25671,-0.9431
423.37,254.34,102.75,-0.59214,0.73404,0.3325,0.77763,0.62872,-0.0031275,-0.21134,0.25671,-0.9431
426.04,251.03,101.14,-0.57343,0.71096,0.40709,0.79098,0.60987,0.049067,-0.21339,0.35014,-0.91207
428.71,247.72,99.242,-0.57343,0.71096,0.40709,0.79098,0.60987,0.049067,-0.21339,0.35014,-0.91207
431.38,244.41,97.346,-0.57122,0.71266,0.40722,0.79258,0.60789,0.047931,-0.21339,0.35014,-0.91207
434.05,241.1,95.18,-0.55273,0.69156,0.46501,0.80269,0.59179,0.074001,-0.22401,0.41416,-0.88221
436.72,237.79,92.691,-0.53421,0.66233,0.5253,0.79776,0.60055,0.054071,-0.27965,0.44794,-0.8492
439.39,234.48,90.066,-0.53189,0.66408,0.52545,0.79931,0.59862,0.052546,-0.27965,0.44794,-0.8492
442.06,231.17,87.164,-0.5057,0.6313,0.58798,0.81774,0.56794,0.093529,-0.2749,0.52812,-0.80345
444.73,227.86,83.921,-0.49772,0.62164,0.60485,0.81455,0.57459,0.079735,-0.29797,0.53236,-0.79234
447.4,224.54,80.501,-0.47775,0.59822,0.64334,0.80157,0.59652,0.040564,-0.3595,0.53506,-0.7645
450.07,221.23,76.421,-0.44177,0.54616,0.71172,0.82097,0.56598,0.075262,-0.36172,0.61755,-0.69842
452.74,217.92,72.19,-0.42922,0.53591,0.72703,0.83935,0.53395,0.10194,-0.33357,0.65399,-0.67899
455.41,214.61,67.545,-0.3911,0.48602,0.78155,0.83285,0.54828,0.075821,-0.39166,0.68057,-0.61922
458.08,211.3,62.155,-0.37311,0.4706,0.79958,0.82982,0.55471,0.060738,-0.41495,0.68617,-0.59748
460.75,207.99,55.909,-0.34375,0.43688,0.83125,0.84214,0.53507,0.067033,-0.41549,0.72307,-0.55185
463.42,204.68,48.789,-0.28771,0.3318,0.89841,0.86391,0.49482,0.093915,-0.41339,0.80316,-0.42901
406.45,273.74,109.43,-0.42667,0.89749,0.11166,0.8972,0.43559,-0.072803,-0.11398,0.069117,-0.99108
408.22,269.96,108.67,-0.41689,0.88837,0.19238,0.90195,0.43053,-0.033561,-0.11264,0.15952,-0.98075
409.99,266.19,107.84,-0.4169,0.8876,0.19586,0.90161,0.43115,-0.034717,-0.11526,0.16211,-0.98002
411.76,262.42,106.96,-0.40902,0.87171,0.26986,0.90552,0.42429,0.0019272,-0.11282,0.24515,-0.9629
413.53,258.64,105.8,-0.40929,0.87243,0.2671,0.90575,0.42379,0.0037077,-0.10996,0.24345,-0.96366
415.3,254.87,104.57,-0.40137,0.85209,0.33592,0.89589,0.44151,-0.049484,-0.19048,0.28108,-0.94059
417.07,251.09,102.95,-0.39201,0.83545,0.38517,0.90231,0.43078,-0.016053,-0.17934,0.34125,-0.9227
418.85,247.32,101.21,-0.39218,0.83537,0.38518,0.90224,0.43094,-0.01598,-0.17934,0.34125,-0.9227
420.62,243.54,99.42,-0.39122,0.8304,0.39672,0.90099,0.43343,-0.01875,-0.18752,0.3501,-0.91775
422.39,239.77,97.271,-0.37555,0.80077,0.46661,0.90863,0.41733,0.015112,-0.18263,0.42965,-0.88433
424.16,235.99,95.021,-0.36993,0.78859,0.4912,0.9094,0.41554,0.017765,-0.1901,0.45327,-0.87087
425.93,232.22,92.647,-0.36458,0.77675,0.51356,0.90482,0.42579,-0.0016562,-0.21996,0.46408,-0.85805
427.7,228.44,89.837,-0.35041,0.74703,0.56495,0.91372,0.40516,0.031001,-0.20573,0.52707,-0.82455
429.47,224.67,86.966,-0.33083,0.70581,0.62641,0.92137,0.3851,0.052702,-0.20403,0.59459,-0.77771
431.24,220.89,83.584,-0.32704,0.70163,0.63306,0.92166,0.3848,0.049663,-0.20875,0.59971,-0.77251
433.02,217.12,79.961,-0.31606,0.68117,0.66039,0.92534,0.37496,0.056109,-0.2094,0.62882,-0.74882
434.79,213.34,75.976,-0.29455,0.62864,0.71976,0.91424,0.40464,0.020722,-0.27822,0.66413,-0.69392
436.56,209.57,71.544,-0.27426,0.58481,0.7634,0.92061,0.38912,0.032655,-0.27796,0.71175,-0.6451
438.33,205.79,66.591,-0.2503,0.5331,0.80818,0.92802,0.37,0.043357,-0.27591,0.76086,-0.58734
440.1,202.02,60.893,-0.24551,0.53884,0.80584,0.93028,0.3647,0.039558,-0.27258,0.75938,-0.59081
441.87,198.24,54.041,-0.21945,0.46665,0.85679,0.93437,0.35319,0.046955,-0.2807,0.81086,-0.51353
403.18,277.16,110.01,-0.13016,0.9881,0.081989,0.98747,0.13663,-0.078947,-0.089209,0.070686,-0.9935
403.74,272.9,109.64,-0.1291,0.97859,0.16031,0.98824,0.14033,-0.060789,-0.081984,0.15057,-0.98519
404.3,268.64,108.9,-0.12841,0.97689,0.17085,0.98749,0.14184,-0.068841,-0.091485,0.15987,-0.98289
404.86,264.39,108.15,-0.13386,0.97559,0.17406,0.98458,0.15089,-0.088538,-0.11264,0.15952,-0.98075
405.42,260.13,107.11,-0.12558,0.95605,0.26495,0.98641,0.14886,-0.069604,-0.10599,0.25261,-0.96175
405.98,255.87,105.93,-0.12539,0.95207,0.279,0.98603,0.15067,-0.071009,-0.10964,0.2662,-0.95766
406.54,251.62,104.66,-0.12177,0.92594,0.3575,0.98545,0.15583,-0.067942,-0.11862,0.34402,-0.93144
407.1,247.36,103,-0.12143,0.9246,0.36107,0.98599,0.15425,-0.063405,-0.11432,0.34831,-0.93038
407.66,243.1,101.34,-0.12637,0.92382,0.36138,0.98537,0.15888,-0.061596,-0.11432,0.34831,-0.93038
408.21,238.84,99.305,-0.11672,0.88875,0.44328,0.98651,0.15535,-0.051705,-0.11482,0.43126,-0.89489
408.77,234.59,97.181,-0.12013,0.88821,0.44345,0.9861,0.15842,-0.050174,-0.11482,0.43126,-0.89489
409.33,230.33,94.729,-0.11638,0.86733,0.48393,0.98817,0.15012,-0.031396,-0.099876,0.47455,-0.87454
409.89,226.07,91.971,-0.10972,0.83111,0.54517,0.98779,0.1522,-0.03324,-0.1106,0.53487,-0.83766
410.45,221.82,89.093,-0.10255,0.78081,0.6163,0.98858,0.14876,-0.023975,-0.1104,0.6068,-0.78715
411.01,217.56,85.733,-0.10254,0.77554,0.62292,0.98714,0.15655,-0.032404,-0.12265,0.61158,-0.78162
411.57,213.3,82.198,-0.10166,0.76411,0.63702,0.98953,0.14362,-0.014354,-0.10246,0.62889,-0.77071
412.13,209.05,78.146,-0.092308,0.70063,0.70753,0.99046,0.13759,-0.0070307,-0.10228,0.70014,-0.70665
412.69,204.79,73.597,-0.086832,0.65743,0.74849,0.9898,0.1421,-0.0099859,-0.11293,0.73999,-0.66307
413.25,200.53,68.436,-0.079682,0.60543,0.7919,0.99027,0.13898,-0.0066087,-0.11406,0.78367,-0.61062
413.81,196.28,62.69,-0.07466,0.56977,0.81841,0.99088,0.13474,-0.0034123,-0.11222,0.81068,-0.57463
401.11,276.5,110.15,0.19949,0.97853,0.051708,0.97583,-0.19358,-0.1014,-0.089209,0.070686,-0.9935
400.22,272.17,109.82,0.20032,0.97084,0.13171,0.97629,-0.18655,-0.10976,-0.081984,0.15057,-0.98519
399.33,267.85,109.23,0.20012,0.96984,0.13912,0.97549,-0.18397,-0.12072,-0.091485,0.15987,-0.98289
398.44,263.52,108.61,0.19034,0.97164,0.14033,0.97745,-0.17424,-0.11932,-0.091485,0.15987,-0.98289
397.54,259.2,107.62,0.19637,0.95166,0.23619,0.97684,-0.169,-0.13121,-0.084956,0.25649,-0.96281
396.65,254.87,106.54,0.19371,0.95211,0.23655,0.97737,-0.16641,-0.13057,-0.084956,0.25649,-0.96281
395.76,250.55,105.37,0.18644,0.94716,0.26101,0.97876,-0.15599,-0.13307,-0.085322,0.28028,-0.95612
394.87,246.22,103.88,0.18943,0.9225,0.33631,0.97768,-0.14552,-0.15153,-0.090846,0.35751,-0.92948
393.97,241.9,102.28,0.18177,0.91822,0.35189,0.98286,-0.15845,-0.094251,-0.030787,0.36299,-0.93129
393.08,237.57,100.24,0.18306,0.88716,0.4236,0.98249,-0.14983,-0.11078,-0.034815,0.43646,-0.89905
392.19,233.25,98.175,0.17363,0.88856,0.42464,0.9842,-0.14132,-0.10672,-0.034815,0.43646,-0.89905
391.3,228.92,95.672,0.17249,0.85088,0.49624,0.98451,-0.13278,-0.11453,-0.031558,0.5083,-0.8606
390.4,224.6,93.015,0.16745,0.83744,0.52025,0.98536,-0.12504,-0.11589,-0.032003,0.53204,-0.84612
389.51,220.27,90.093,0.16237,0.78647,0.5959,0.98621,-0.10974,-0.12388,-0.032032,0.6078,-0.79344
388.62,215.95,86.82,0.15574,0.78765,0.59611,0.98726,-0.10423,-0.12022,-0.032563,0.60724,-0.79385
387.73,211.62,83.24,0.14829,0.76059,0.63208,0.98842,-0.093229,-0.1197,-0.032115,0.64251,-0.76561
386.83,207.3,79.24,0.14103,0.71526,0.68448,0.98949,-0.07959,-0.12071,-0.031859,0.69431,-0.71897
385.94,202.97,74.776,0.13136,0.66959,0.73102,0.99082,-0.065022,-0.11849,-0.031808,0.73988,-0.67198
385.05,198.65,69.686,0.12179,0.60576,0.78627,0.99196,-0.046836,-0.11756,-0.034389,0.79427,-0.60659
384.16,194.32,63.879,0.12184,0.57395,0.80977,0.9923,-0.08858,-0.086524,0.022069,0.81408,-0.58033
395.69,288.96,110.95,0.37953,0.9235,-0.055735,0.92161,-0.38267,-0.064784,-0.081156,-0.026778,-0.99634
393.95,284.73,111.16,0.37953,0.92445,-0.036655,0.92446,-0.3805,-0.024398,-0.036502,-0.024626,-0.99903
392.21,280.5,111.12,0.38021,0.92318,0.056436,0.92445,-0.37742,-0.054252,-0.028785,0.0728,-0.99693
390.47,276.27,110.86,0.37893,0.92385,0.053983,0.92492,-0.37614,-0.055137,-0.030634,0.070823,-0.99702
388.72,272.04,110.5,0.37754,0.91729,0.12663,0.92526,-0.36825,-0.091054,-0.036893,0.15154,-0.98776
386.98,267.82,109.9,0.37749,0.91665,0.13138,0.92542,-0.36836,-0.088927,-0.033119,0.15515,-0.98733
385.24,263.59,109.3,0.36973,0.9197,0.13212,0.92855,-0.36067,-0.087824,-0.033119,0.15515,-0.98733
383.5,259.36,108.25,0.36898,0.89598,0.24713,0.92921,-0.36151,-0.0767,0.020618,0.25794,-0.96594
381.76,255.13,107.09,0.36771,0.89647,0.24723,0.92971,-0.36028,-0.076361,0.020618,0.25794,-0.96594
380.02,250.9,105.83,0.36274,0.89084,0.27355,0.93168,-0.353,-0.085861,0.020076,0.28601,-0.95802
378.27,246.67,104.32,0.3575,0.86817,0.3442,0.93367,-0.34064,-0.11058,0.021243,0.3609,-0.93236
376.53,242.44,102.65,0.35068,0.8704,0.34557,0.93627,-0.33393,-0.10903,0.020497,0.36179,-0.93204
374.79,238.21,100.64,0.34541,0.83996,0.41851,0.93811,-0.32109,-0.12981,0.025343,0.43745,-0.89889
373.05,233.98,98.518,0.33778,0.84039,0.42385,0.94039,-0.32025,-0.11447,0.039535,0.43725,-0.89847
371.31,229.75,96.042,0.32902,0.80584,0.49232,0.9435,-0.30231,-0.13571,0.039469,0.50915,-0.85977
369.57,225.53,93.354,0.32371,0.79384,0.51481,0.94531,-0.29443,-0.14038,0.040138,0.53209,-0.84574
367.82,221.3,90.497,0.30787,0.74758,0.5885,0.95059,-0.2677,-0.15724,0.039994,0.60783,-0.79306
366.08,217.07,87.168,0.30168,0.74955,0.5892,0.95255,-0.26315,-0.15295,0.040406,0.60739,-0.79338
364.34,212.84,83.598,0.28763,0.72658,0.62397,0.95686,-0.24588,-0.15476,0.040975,0.64157,-0.76597
362.6,208.61,79.549,0.27257,0.67431,0.6863,0.95759,-0.25938,-0.12547,0.093401,0.6914,-0.71641
360.86,204.38,74.999,0.25492,0.6282,0.73511,0.96246,-0.23809,-0.1303,0.093166,0.74073,-0.66531
359.12,200.15,69.863,0.24804,0.56509,0.78686,0.96467,-0.21853,-0.14715,0.088804,0.79556,-0.59933
371.51,294.07,110.93,0.38183,0.92016,-0.086691,0.92317,-0.37523,0.083414,0.044226,-0.11188,-0.99274
369.78,289.83,111,0.37803,0.92569,-0.013953,0.92519,-0.3772,0.041707,0.033345,-0.028676,-0.99903
368.05,285.59,111.02,0.37903,0.92538,-0.0013839,0.92439,-0.37855,0.047042,0.043008,-0.019109,-0.99889
366.32,281.35,110.9,0.37672,0.92337,0.073922,0.92545,-0.37864,0.013434,0.040394,0.063351,-0.99717
364.59,277.12,110.56,0.37717,0.92319,0.073929,0.92526,-0.37909,0.013398,0.040394,0.063351,-0.99717
362.86,272.88,110.05,0.37188,0.91152,0.17562,0.92431,-0.38108,0.020639,0.085737,0.15465,-0.98424
361.13,268.64,109.24,0.37197,0.91148,0.17562,0.92428,-0.38116,0.020624,0.085737,0.15465,-0.98424
359.4,264.4,108.4,0.37261,0.90972,0.18323,0.92346,-0.38298,0.023573,0.091617,0.16042,-0.98279
357.67,260.16,107.28,0.36423,0.89287,0.26479,0.92696,-0.37501,-0.010526,0.0899,0.24928,-0.96425
355.94,255.93,106,0.36256,0.88898,0.27977,0.92789,-0.37237,-0.019242,0.087073,0.26657,-0.95987
354.22,251.69,104.64,0.35198,0.86406,0.35988,0.93106,-0.36269,-0.039813,0.096124,0.34908,-0.93215
352.49,247.45,102.81,0.35051,0.85912,0.37289,0.92611,-0.37726,-0.0013299,0.13954,0.34581,-0.92787
350.76,243.21,100.97,0.35041,0.85917,0.37289,0.92615,-0.37716,-0.0012885,0.13954,0.34581,-0.92787
349.03,238.97,98.708,0.33666,0.82528,0.4534,0.9307,-0.36479,-0.027074,0.14305,0.4311,-0.89089
347.3,234.74,96.373,0.32623,0.79689,0.50847,0.93371,-0.3556,-0.041747,0.14754,0.48838,-0.86007
345.57,230.5,93.8,0.31581,0.77419,0.54854,0.93872,-0.33907,-0.061897,0.13807,0.53447,-0.83383
343.84,226.26,90.794,0.31334,0.7722,0.55275,0.93748,-0.3444,-0.050298,0.15152,0.53395,-0.83183
342.11,222.02,87.585,0.29622,0.72773,0.6186,0.94225,-0.32863,-0.064588,0.15629,0.602,-0.78305
340.38,217.78,83.925,0.29107,0.71339,0.63746,0.94225,-0.32913,-0.06191,0.16564,0.61867,-0.76799
338.65,213.55,80.14,0.28428,0.71595,0.63765,0.94427,-0.32422,-0.056945,0.16597,0.6183,-0.76822
336.93,209.31,75.599,0.26295,0.65763,0.70596,0.95214,-0.29507,-0.079784,0.15584,0.69315,-0.70375
335.2,205.07,70.638,0.24488,0.62058,0.74492,0.95704,-0.27775,-0.08322,0.15526,0.7333,-0.66194
333.47,200.83,64.898,0.23166,0.55794,0.79689,0.9598,-0.26455,-0.0938,0.15848,0.78659,-0.5968
371.86,288.12,111.12,0.6227,0.78246,-0.0016756,0.78175,-0.62204,0.043947,0.033345,-0.028676,-0.99903
369.04,284.56,111.09,0.62364,0.78162,0.011898,0.78053,-0.62346,0.045533,0.043008,-0.019109,-0.99889
366.21,281.01,110.87,0.62061,0.78055,0.074729,0.78308,-0.62187,-0.0077857,0.040394,0.063351,-0.99717
363.38,277.45,110.48,0.61865,0.77796,0.10977,0.78024,-0.62475,0.030322,0.09217,0.066891,-0.99349
360.56,273.9,109.98,0.62003,0.77685,0.10983,0.77915,-0.62612,0.030128,0.09217,0.066891,-0.99349
357.73,270.35,109.21,0.61271,0.77081,0.17448,0.78564,-0.61801,-0.028668,0.085737,0.15465,-0.98424
354.91,266.79,108.37,0.61149,0.76988,0.18267,0.78593,-0.6177,-0.027559,0.091617,0.16042,-0.98279
352.08,263.24,107.43,0.60865,0.7643,0.21305,0.78068,-0.62483,0.011258,0.14172,0.15947,-0.97698
349.25,259.68,106.16,0.59865,0.75342,0.27198,0.78821,-0.61454,-0.032568,0.14261,0.23388,-0.96175
346.43,256.13,104.82,0.59415,0.74851,0.29448,0.79182,-0.60866,-0.050522,0.14142,0.2632,-0.95432
343.6,252.57,103.34,0.58004,0.7294,0.36268,0.80064,-0.59252,-0.088842,0.1501,0.34191,-0.92767
340.77,249.02,101.58,0.57969,0.72966,0.36272,0.8009,-0.5922,-0.088682,0.1501,0.34191,-0.92767
337.95,245.47,99.786,0.57606,0.72797,0.37178,0.80235,-0.59048,-0.087008,0.15619,0.34842,-0.92424
335.12,241.91,97.843,0.55729,0.71088,0.42904,0.8165,-0.56306,-0.12763,0.15085,0.42144,-0.89422
332.29,238.36,95.441,0.54868,0.69224,0.46878,0.81197,-0.57479,-0.10157,0.19914,0.43637,-0.87745
329.47,234.8,92.959,0.54359,0.688,0.4808,0.81377,-0.57234,-0.10103,0.20567,0.44618,-0.87099
326.64,231.25,90.329,0.52247,0.657,0.54348,0.8284,-0.54209,-0.14105,0.20195,0.52391,-0.82749
323.81,227.7,87.389,0.51452,0.66216,0.5448,0.83336,-0.53578,-0.13584,0.20195,0.52391,-0.82749
320.99,224.14,84.068,0.49249,0.62311,0.6076,0.83505,-0.53504,-0.12815,0.24524,0.57049,-0.78383
318.16,220.59,80.489,0.46275,0.5819,0.66877,0.85425,-0.4943,-0.161,0.23689,0.6458,-0.72583
315.34,217.03,76.405,0.45734,0.58501,0.66978,0.85716,-0.49061,-0.15677,0.23689,0.6458,-0.72583
312.51,213.48,72.074,0.43907,0.57054,0.69404,0.86371,-0.48079,-0.15117,0.24744,0.66582,-0.70389
309.68,209.92,67.229,0.40828,0.52439,0.74721,0.87648,-0.45394,-0.16035,0.25511,0.72038,-0.64496
306.86,206.37,61.841,0.39426,0.48389,0.78129,0.88234,-0.43703,-0.17458,0.25697,0.75819,-0.59926
368.3,285.36,111.04,0.79134,0.61097,0.022383,0.60986,-0.79142,0.041398,0.043008,-0.019109,-0.99889
364.73,282.61,110.91,0.78886,0.61049,0.07074,0.61324,-0.78949,-0.025314,0.040394,0.063351,-0.99717
361.16,279.85,110.43,0.78624,0.60734,0.11383,0.611,-0.79162,0.0033859,0.09217,0.066891,-0.99349
357.6,277.09,109.92,0.78627,0.60736,0.11355,0.61122,-0.79146,0.00099726,0.090479,0.068623,-0.99353
354.03,274.34,109.4,0.78631,0.6073,0.11355,0.61117,-0.7915,0.00098927,0.090479,0.068623,-0.99353
350.46,271.58,108.57,0.7739,0.5978,0.20909,0.61812,-0.78486,-0.043881,0.13787,0.1632,-0.97691
346.89,268.83,107.6,0.77389,0.59781,0.20909,0.61814,-0.78485,-0.043878,0.13787,0.1632,-0.97691
343.33,266.07,106.64,0.77323,0.59818,0.21044,0.61858,-0.78455,-0.042791,0.13951,0.16326,-0.97667
339.76,263.32,105.59,0.76682,0.59432,0.24244,0.62282,-0.78028,-0.057123,0.15522,0.1948,-0.96848
336.19,260.56,104.34,0.7552,0.58416,0.29737,0.63213,-0.76907,-0.09457,0.17346,0.2594,-0.95007
332.62,257.81,102.9,0.75055,0.57977,0.31709,0.62965,-0.77306,-0.076918,0.20053,0.25739,-0.94527
329.06,255.05,101.39,0.74952,0.58103,0.31721,0.63088,-0.77211,-0.076398,0.20053,0.25739,-0.94527
325.49,252.3,99.784,0.73103,0.56714,0.3794,0.64982,-0.74826,-0.13356,0.20815,0.34418,-0.91554
321.92,249.54,97.866,0.72576,0.56062,0.39872,0.64625,-0.75429,-0.11576,0.23586,0.34168,-0.90974
318.36,246.78,95.906,0.72306,0.56375,0.3992,0.64927,-0.75195,-0.1141,0.23586,0.34168,-0.90974
314.79,244.03,93.767,0.71267,0.55418,0.43011,0.65501,-0.74517,-0.1252,0.25112,0.37095,-0.89405
311.22,241.27,91.505,0.69174,0.53434,0.48577,0.67551,-0.7166,-0.17368,0.2553,0.44829,-0.85666
307.65,238.52,89,0.69154,0.53456,0.48582,0.67572,-0.71644,-0.17354,0.2553,0.44829,-0.85666
304.09,235.76,86.486,0.6782,0.53499,0.50381,0.68018,-0.71653,-0.15474,0.27821,0.44762,-0.84984
300.52,233.01,83.566,0.66095,0.52094,0.54015,0.69526,-0.69597,-0.17953,0.28241,0.49421,-0.82219
296.95,230.25,80.433,0.63464,0.49023,0.59742,0.71787,-0.66024,-0.22081,0.28619,0.569,-0.77093
293.39,227.5,77.075,0.63236,0.49565,0.59536,0.72223,-0.65517,-0.22167,0.28019,0.57016,-0.77228
289.82,224.74,73.597,0.62212,0.48523,0.61443,0.73208,-0.63873,-0.23682,0.27754,0.59714,-0.75259
286.25,221.99,70.002,0.57699,0.44591,0.68428,0.76807,-0.58115,-0.26894,0.27775,0.68076,-0.67781
282.68,219.23,65.769,0.56768,0.45229,0.68787,0.77475,-0.57606,-0.2606,0.27839,0.68087,-0.67743
279.12,216.47,61.255,0.54208,0.43146,0.72111,0.79088,-0.55197,-0.26427,0.28401,0.71357,-0.64044
275.55,213.72,56.335,0.50072,0.38637,0.7746,0.81691,-0.50684,-0.27526,0.28624,0.77061,-0.56941
271.98,210.96,50.822,0.50167,0.38896,0.77269,0.81834,-0.50295,-0.27813,0.28044,0.77185,-0.57061
380.36,263.13,109.17,0.99497,0.093579,0.035836,0.097975,-0.98352,-0.15197,0.021025,0.15471,-0.98774
375.48,262.68,108.97,0.99428,0.095916,0.04702,0.10477,-0.96145,-0.25426,0.02082,0.25773,-0.96599
370.6,262.22,108.67,0.99359,0.092444,0.064987,0.10592,-0.96227,-0.25062,0.039367,0.25589,-0.9659
365.72,261.77,108.35,0.9927,0.10026,0.067022,0.114,-0.96149,-0.25008,0.039367,0.25589,-0.9659
360.84,261.32,107.87,0.98898,0.092015,0.11599,0.11764,-0.96405,-0.23826,0.0899,0.24928,-0.96425
355.96,260.86,107.3,0.98828,0.097578,0.11737,0.12335,-0.9635,-0.23759,0.0899,0.24928,-0.96425
351.08,260.41,106.61,0.98168,0.090619,0.1676,0.12635,-0.96803,-0.21667,0.14261,0.23388,-0.96175
346.2,259.95,105.79,0.98427,0.094919,0.14898,0.12473,-0.97064,-0.20565,0.12508,0.221,-0.96722
341.32,259.5,104.98,0.97661,0.092927,0.1939,0.14043,-0.95855,-0.24791,0.16282,0.26934,-0.94918
336.44,259.05,103.97,0.97459,0.093621,0.2035,0.14173,-0.96122,-0.23657,0.17346,0.2594,-0.95007
331.55,258.59,102.89,0.96906,0.089637,0.22999,0.14393,-0.96214,-0.23145,0.20053,0.25739,-0.94527
326.67,258.14,101.74,0.96934,0.094611,0.22677,0.14889,-0.96033,-0.23578,0.19547,0.26231,-0.94498
321.79,257.68,100.51,0.95739,0.089424,0.27462,0.15647,-0.95982,-0.23295,0.24275,0.26599,-0.93291
316.91,257.23,99.1,0.95591,0.087678,0.28026,0.15441,-0.96187,-0.22575,0.24978,0.25907,-0.933
312.03,256.78,97.697,0.95974,0.089294,0.26632,0.15299,-0.96133,-0.22899,0.23558,0.26052,-0.93629
307.15,256.32,96.342,0.95772,0.10148,0.26921,0.16514,-0.96012,-0.2256,0.23558,0.26052,-0.93629
302.27,255.87,94.702,0.93876,0.085425,0.33383,0.17375,-0.95396,-0.2445,0.29757,0.28752,-0.91037
297.39,255.41,93.005,0.94112,0.087919,0.32643,0.17318,-0.95465,-0.24217,0.29034,0.28444,-0.91367
292.51,254.96,91.305,0.94552,0.088467,0.3133,0.16872,-0.95621,-0.23918,0.27842,0.27901,-0.91904
287.63,254.5,89.678,0.94473,0.087675,0.3159,0.16932,-0.9556,-0.24116,0.28073,0.28132,-0.91763
367.12,287.01,110.96,0.97319,0.22691,0.03756,0.22594,-0.97373,0.028356,0.043008,-0.019109,-0.99889
362.38,285.9,110.7,0.97059,0.22678,0.080822,0.22413,-0.97371,0.040576,0.087899,-0.021268,-0.9959
357.64,284.79,110.3,0.97069,0.22632,0.080841,0.22368,-0.97382,0.040538,0.087899,-0.021268,-0.9959
352.9,283.69,109.85,0.96566,0.22497,0.12994,0.21978,-0.9741,0.053225,0.13855,-0.022841,-0.99009
348.16,282.58,109.15,0.9627,0.225,0.15029,0.23256,-0.97197,-0.034582,0.13829,0.068243,-0.98804
343.42,281.47,108.4,0.96025,0.22438,0.16607,0.23262,-0.97205,-0.031726,0.15431,0.069095,-0.9856
338.68,280.36,107.58,0.96014,0.22434,0.16672,0.23247,-0.97212,-0.030751,0.15517,0.068284,-0.98552
333.94,279.26,106.76,0.95979,0.22582,0.16677,0.23394,-0.97177,-0.030496,0.15517,0.068284,-0.98552
329.19,278.15,105.69,0.95069,0.22206,0.21651,0.23304,-0.97211,-0.026255,0.20464,0.075417,-0.97593
324.45,277.04,104.62,0.95103,0.22318,0.21384,0.23394,-0.9719,-0.026065,0.20201,0.074813,-0.97652
319.71,275.93,103.37,0.9416,0.22,0.25493,0.23147,-0.97272,-0.015491,0.24457,0.073595,-0.96684
314.97,274.82,102.09,0.94158,0.22007,0.25493,0.23153,-0.97271,-0.015475,0.24457,0.073595,-0.96684
310.23,273.72,100.79,0.94005,0.21989,0.2607,0.23063,-0.97298,-0.010963,0.25124,0.070432,-0.96536
305.49,272.61,99.36,0.93106,0.21965,0.29133,0.25793,-0.961,-0.099789,0.25805,0.16806,-0.9514
300.75,271.5,97.773,0.92428,0.21596,0.31476,0.25777,-0.96128,-0.097399,0.28154,0.17116,-0.94416
296.01,270.39,96.158,0.92447,0.21525,0.31469,0.25709,-0.96144,-0.097631,0.28154,0.17116,-0.94416
291.27,269.29,94.583,0.92183,0.2154,0.32223,0.26137,-0.95935,-0.10644,0.2862,0.18234,-0.94066
286.53,268.18,92.925,0.92177,0.21513,0.32256,0.26102,-0.9595,-0.10597,0.2867,0.18188,-0.9406
281.79,267.07,91.277,0.92407,0.216,0.31534,0.26119,-0.95918,-0.10837,0.27906,0.1825,-0.94277
277.04,265.96,89.655,0.92367,0.2157,0.31672,0.26139,-0.95905,-0.10913,0.28021,0.18358,-0.94222
272.3,264.85,88.034,0.92416,0.21772,0.3139,0.26302,-0.95856,-0.10951,0.27704,0.18377,-0.94312
267.56,263.75,86.343,0.91483,0.21009,0.34488,0.28556,-0.94041,-0.18462,0.28554,0.26738,-0.92031
390.77,289.04,111.17,0.99923,-0.015223,-0.036134,-0.014319,-0.99958,0.025163,-0.036502,-0.024626,-0.99903
385.85,289.11,111.33,0.9993,-0.016293,-0.033694,-0.015368,-0.9995,0.027515,-0.034125,-0.026978,-0.99905
380.92,289.18,111.3,0.99969,-0.015207,0.019506,-0.01579,-0.99942,0.030087,0.019038,-0.030386,-0.99936
376,289.26,111.2,0.99966,-0.015401,0.02122,-0.016002,-0.99947,0.028464,0.02077,-0.028794,-0.99937
371.08,289.33,111.06,0.99931,-0.015278,0.033793,-0.016233,-0.99947,0.028147,0.033345,-0.028676,-0.99903
366.16,289.41,110.87,0.99894,-0.015686,0.04331,-0.016496,-0.99969,0.018415,0.043008,-0.019109,-0.99889
361.23,289.48,110.52,0.99598,-0.01515,0.08823,-0.016965,-0.99966,0.019851,0.087899,-0.021268,-0.9959
356.31,289.56,110.07,0.99583,-0.01568,0.089849,-0.017677,-0.99961,0.021472,0.089478,-0.022971,-0.99572
351.39,289.63,109.5,0.99019,-0.015036,0.13891,-0.01806,-0.99963,0.020534,0.13855,-0.022841,-0.99009
346.47,289.71,108.81,0.99017,-0.015235,0.13904,-0.018278,-0.99962,0.020634,0.13868,-0.022972,-0.99007
341.54,289.78,108.07,0.98712,-0.014988,0.15925,-0.018441,-0.99963,0.020225,0.15889,-0.022902,-0.98703
336.62,289.86,107.28,0.987,-0.015202,0.16002,-0.018537,-0.99964,0.019367,0.15967,-0.022081,-0.98692
331.7,289.93,106.42,0.98143,-0.015079,0.19121,-0.019147,-0.99963,0.019444,0.19084,-0.022744,-0.98136
326.78,290.01,105.42,0.97562,-0.014997,0.21894,-0.019565,-0.99963,0.018711,0.21858,-0.022538,-0.97556
321.85,290.08,104.26,0.97056,-0.0148,0.24038,-0.019807,-0.99963,0.018427,0.24002,-0.022646,-0.9705
316.93,290.16,103.03,0.9695,-0.014742,0.24464,-0.020958,-0.99952,0.022825,0.24419,-0.027256,-0.96934
312.01,290.23,101.78,0.96833,-0.014702,0.24926,-0.020925,-0.99953,0.022338,0.24881,-0.026846,-0.96818
307.09,290.31,100.51,0.96832,-0.015189,0.24927,-0.021398,-0.99952,0.022216,0.24881,-0.026846,-0.96818
302.16,290.38,99.134,0.95777,-0.014541,0.28718,-0.02015,-0.99966,0.016583,0.28684,-0.021669,-0.95773
